# Time-averaged data for fix aveRg
# TimeStep c_Rg
20000 24.7785
30000 24.3707
40000 23.9693
50000 23.5671
60000 23.1925
70000 22.8904
80000 22.5615
90000 22.2915
100000 22.0168
110000 21.7296
120000 21.4549
130000 21.2143
140000 20.9992
150000 20.7881
160000 20.5878
170000 20.4062
180000 20.2484
190000 20.0934
200000 19.9143
210000 19.7528
220000 19.5955
230000 19.4377
240000 19.2936
250000 19.1445
260000 18.9915
270000 18.8541
280000 18.7059
290000 18.5695
300000 18.4282
310000 18.2779
320000 18.1408
330000 18.0058
340000 17.8642
350000 17.7207
360000 17.5749
370000 17.4333
380000 17.3013
390000 17.1808
400000 17.0713
410000 16.9679
420000 16.8784
430000 16.7922
440000 16.7084
450000 16.6285
460000 16.5458
470000 16.4564
480000 16.3655
490000 16.2802
500000 16.2015
510000 16.1271
520000 16.0496
530000 15.9717
540000 15.8929
550000 15.8134
560000 15.7344
570000 15.6579
580000 15.584
590000 15.5155
600000 15.454
610000 15.3961
620000 15.3363
630000 15.2725
640000 15.2093
650000 15.1529
660000 15.0952
670000 15.0363
680000 14.9791
690000 14.9192
700000 14.863
710000 14.8148
720000 14.7706
730000 14.7297
740000 14.6908
750000 14.6457
760000 14.5995
770000 14.5537
780000 14.5127
790000 14.47
800000 14.4311
810000 14.3936
820000 14.3596
830000 14.3227
840000 14.2818
850000 14.2511
860000 14.2237
870000 14.1967
880000 14.1696
890000 14.1435
900000 14.1171
910000 14.0884
920000 14.0609
930000 14.0336
940000 14.0064
950000 13.9809
960000 13.9534
970000 13.9275
980000 13.9038
990000 13.8822
1000000 13.8596
1010000 13.8374
1020000 13.8156
1030000 13.7938
1040000 13.7695
1050000 13.744
1060000 13.7195
1070000 13.695
1080000 13.6729
1090000 13.6504
1100000 13.6232
1110000 13.5925
1120000 13.564
1130000 13.5369
1140000 13.5108
1150000 13.4856
1160000 13.4599
1170000 13.4339
1180000 13.4067
1190000 13.3804
1200000 13.3557
1210000 13.3351
1220000 13.3148
1230000 13.2947
1240000 13.275
1250000 13.2587
1260000 13.2413
1270000 13.2239
1280000 13.2075
1290000 13.1893
1300000 13.1691
1310000 13.1485
1320000 13.1272
1330000 13.1042
1340000 13.0805
1350000 13.0552
1360000 13.0243
1370000 12.9927
1380000 12.9647
1390000 12.9359
1400000 12.9055
1410000 12.876
1420000 12.8469
1430000 12.8176
1440000 12.7894
1450000 12.7605
1460000 12.7326
1470000 12.7068
1480000 12.6816
1490000 12.6537
1500000 12.6271
1510000 12.601
1520000 12.5745
1530000 12.5497
1540000 12.5249
1550000 12.4983
1560000 12.4719
1570000 12.4447
1580000 12.4169
1590000 12.3896
1600000 12.3631
1610000 12.3368
1620000 12.3109
1630000 12.2863
1640000 12.2621
1650000 12.2391
1660000 12.2188
1670000 12.1976
1680000 12.1772
1690000 12.1575
1700000 12.1366
1710000 12.1163
1720000 12.0951
1730000 12.0772
1740000 12.0599
1750000 12.0433
1760000 12.0254
1770000 12.0082
1780000 11.9889
1790000 11.968
1800000 11.9484
1810000 11.9286
1820000 11.9091
1830000 11.8897
1840000 11.8701
1850000 11.8506
1860000 11.8335
1870000 11.8186
1880000 11.8046
1890000 11.7917
1900000 11.7797
1910000 11.7701
1920000 11.7608
1930000 11.7538
1940000 11.7478
1950000 11.7423
1960000 11.7366
1970000 11.7302
1980000 11.7229
1990000 11.7157
2000000 11.708
2010000 11.6987
2020000 11.6899
2030000 11.6818
2040000 11.6754
2050000 11.668
2060000 11.6583
2070000 11.6486
2080000 11.6369
2090000 11.6238
2100000 11.6099
2110000 11.5962
2120000 11.5821
2130000 11.5681
2140000 11.5532
2150000 11.5386
2160000 11.5225
2170000 11.5065
2180000 11.492
2190000 11.4791
2200000 11.467
2210000 11.4564
2220000 11.4457
2230000 11.4359
2240000 11.4245
2250000 11.4127
2260000 11.4004
2270000 11.3893
2280000 11.3784
2290000 11.3667
2300000 11.3539
2310000 11.3404
2320000 11.3266
2330000 11.3128
2340000 11.2993
2350000 11.2861
2360000 11.2725
2370000 11.2585
2380000 11.2449
2390000 11.2328
2400000 11.2198
2410000 11.2056
2420000 11.1893
2430000 11.1726
2440000 11.1564
2450000 11.139
2460000 11.1227
2470000 11.1068
2480000 11.0928
2490000 11.079
2500000 11.0649
2510000 11.0517
2520000 11.0393
2530000 11.0283
2540000 11.0185
2550000 11.0094
2560000 10.999
2570000 10.9891
2580000 10.9806
2590000 10.9715
2600000 10.9625
2610000 10.9518
2620000 10.9407
2630000 10.9306
2640000 10.9189
2650000 10.9061
2660000 10.8918
2670000 10.8773
2680000 10.862
2690000 10.847
2700000 10.8326
2710000 10.8186
2720000 10.8037
2730000 10.7877
2740000 10.7726
2750000 10.7563
2760000 10.7405
2770000 10.7256
2780000 10.7118
2790000 10.6979
2800000 10.6842
2810000 10.6703
2820000 10.6566
2830000 10.6417
2840000 10.6246
2850000 10.6069
2860000 10.5895
2870000 10.5729
2880000 10.557
2890000 10.5416
2900000 10.5274
2910000 10.5141
2920000 10.5006
2930000 10.488
2940000 10.4775
2950000 10.4684
2960000 10.4602
2970000 10.4523
2980000 10.444
2990000 10.4354
3000000 10.4282
3010000 10.4223
3020000 10.4178
3030000 10.4123
3040000 10.4074
3050000 10.4023
3060000 10.3966
3070000 10.3902
3080000 10.3836
3090000 10.3772
3100000 10.3706
3110000 10.363
3120000 10.3537
3130000 10.3446
3140000 10.3341
3150000 10.3223
3160000 10.3099
3170000 10.2974
3180000 10.2854
3190000 10.2732
3200000 10.2618
3210000 10.2513
3220000 10.2424
3230000 10.2339
3240000 10.2261
3250000 10.2185
3260000 10.2099
3270000 10.2001
3280000 10.1896
3290000 10.1783
3300000 10.1664
3310000 10.1552
3320000 10.1445
3330000 10.1353
3340000 10.1259
3350000 10.1155
3360000 10.104
3370000 10.0915
3380000 10.0799
3390000 10.07
3400000 10.0594
3410000 10.051
3420000 10.0419
3430000 10.0334
3440000 10.0272
3450000 10.0204
3460000 10.0129
3470000 10.0055
3480000 9.99867
3490000 9.99183
3500000 9.98458
3510000 9.97698
3520000 9.9695
3530000 9.96233
3540000 9.95545
3550000 9.94921
3560000 9.9429
3570000 9.93602
3580000 9.92913
3590000 9.92207
3600000 9.91468
3610000 9.90715
3620000 9.89857
3630000 9.88935
3640000 9.87956
3650000 9.86958
3660000 9.85914
3670000 9.84782
3680000 9.83711
3690000 9.82708
3700000 9.81641
3710000 9.80558
3720000 9.79426
3730000 9.78293
3740000 9.77139
3750000 9.76015
3760000 9.7494
3770000 9.73951
3780000 9.73027
3790000 9.72151
3800000 9.71302
3810000 9.705
3820000 9.69715
3830000 9.68881
3840000 9.68001
3850000 9.67176
3860000 9.66309
3870000 9.65454
3880000 9.64618
3890000 9.63719
3900000 9.62645
3910000 9.61632
3920000 9.60539
3930000 9.59331
3940000 9.58092
3950000 9.5683
3960000 9.55529
3970000 9.54195
3980000 9.52875
3990000 9.5165
4000000 9.50504
4010000 9.49398
4020000 9.48306
4030000 9.47276
4040000 9.46217
4050000 9.45246
4060000 9.44318
4070000 9.43315
4080000 9.42251
4090000 9.41193
4100000 9.40222
4110000 9.39293
4120000 9.3834
4130000 9.37272
4140000 9.36228
4150000 9.35123
4160000 9.34066
4170000 9.3307
4180000 9.32135
4190000 9.31289
4200000 9.30427
4210000 9.29513
4220000 9.28642
4230000 9.27778
4240000 9.26826
4250000 9.25851
4260000 9.24844
4270000 9.23828
4280000 9.22899
4290000 9.22003
4300000 9.21201
4310000 9.20438
4320000 9.19675
4330000 9.18945
4340000 9.18218
4350000 9.17534
4360000 9.16894
4370000 9.16162
4380000 9.15404
4390000 9.14636
4400000 9.1383
4410000 9.12994
4420000 9.12117
4430000 9.11248
4440000 9.10413
4450000 9.09626
4460000 9.08907
4470000 9.08211
4480000 9.07466
4490000 9.06673
4500000 9.05938
4510000 9.05208
4520000 9.0446
4530000 9.03732
4540000 9.03027
4550000 9.0233
4560000 9.01562
4570000 9.00758
4580000 8.99941
4590000 8.99298
4600000 8.98767
4610000 8.98314
4620000 8.97836
4630000 8.97203
4640000 8.96508
4650000 8.95826
4660000 8.95176
4670000 8.94558
4680000 8.94035
4690000 8.93583
4700000 8.931
4710000 8.92579
4720000 8.92046
4730000 8.91498
4740000 8.90938
4750000 8.90453
4760000 8.90005
4770000 8.89612
4780000 8.89207
4790000 8.88791
4800000 8.8837
4810000 8.87952
4820000 8.8757
4830000 8.87218
4840000 8.86807
4850000 8.86335
4860000 8.85869
4870000 8.8541
4880000 8.84883
4890000 8.84444
4900000 8.84067
4910000 8.83688
4920000 8.83321
4930000 8.83035
4940000 8.8283
4950000 8.82586
4960000 8.82242
4970000 8.8189
4980000 8.81583
4990000 8.81274
5000000 8.80995
5010000 8.80655
5020000 8.80301
5030000 8.79976
5040000 8.79705
5050000 8.79402
5060000 8.79073
5070000 8.78735
5080000 8.78296
5090000 8.77856
5100000 8.77407
5110000 8.76908
5120000 8.76425
5130000 8.75989
5140000 8.75566
5150000 8.75167
5160000 8.74874
5170000 8.74714
5180000 8.74568
5190000 8.74451
5200000 8.74387
5210000 8.74283
5220000 8.74083
5230000 8.73863
5240000 8.73611
5250000 8.73307
5260000 8.7291
5270000 8.72489
5280000 8.72043
5290000 8.71625
5300000 8.71317
5310000 8.71053
5320000 8.70771
5330000 8.70403
5340000 8.70091
5350000 8.69851
5360000 8.69615
5370000 8.69423
5380000 8.69295
5390000 8.69225
5400000 8.69207
5410000 8.69136
5420000 8.6913
5430000 8.69183
5440000 8.69248
5450000 8.69324
5460000 8.69305
5470000 8.69284
5480000 8.69304
5490000 8.69317
5500000 8.69376
5510000 8.69461
5520000 8.69554
5530000 8.69648
5540000 8.69789
5550000 8.69903
5560000 8.70035
5570000 8.70203
5580000 8.70396
5590000 8.70566
5600000 8.70737
5610000 8.70969
5620000 8.71244
5630000 8.7151
5640000 8.71884
5650000 8.72275
5660000 8.72681
5670000 8.73097
5680000 8.73595
5690000 8.74066
5700000 8.74493
5710000 8.74942
5720000 8.75427
5730000 8.75893
5740000 8.76336
5750000 8.76797
5760000 8.77239
5770000 8.77667
5780000 8.78127
5790000 8.78569
5800000 8.79005
5810000 8.79386
5820000 8.79741
5830000 8.80079
5840000 8.80433
5850000 8.80743
5860000 8.81051
5870000 8.81383
5880000 8.81737
5890000 8.82121
5900000 8.82482
5910000 8.82827
5920000 8.83191
5930000 8.83582
5940000 8.83989
5950000 8.8436
5960000 8.847
5970000 8.85001
5980000 8.85279
5990000 8.85507
6000000 8.8574
6010000 8.85934
6020000 8.8613
6030000 8.86264
6040000 8.86356
6050000 8.86409
6060000 8.86428
6070000 8.86442
6080000 8.86448
6090000 8.86496
6100000 8.86557
6110000 8.8661
6120000 8.86657
6130000 8.86737
6140000 8.86824
6150000 8.86917
6160000 8.86992
6170000 8.87083
6180000 8.87156
6190000 8.87303
6200000 8.87467
6210000 8.87654
6220000 8.87803
6230000 8.87932
6240000 8.88114
6250000 8.88326
6260000 8.88534
6270000 8.88758
6280000 8.88973
6290000 8.89228
6300000 8.89502
6310000 8.89732
6320000 8.89929
6330000 8.90102
6340000 8.90233
6350000 8.90343
6360000 8.90428
6370000 8.90499
6380000 8.90591
6390000 8.90647
6400000 8.90589
6410000 8.90519
6420000 8.90441
6430000 8.90329
6440000 8.90225
6450000 8.90054
6460000 8.89853
6470000 8.89682
6480000 8.8946
6490000 8.89295
6500000 8.89182
6510000 8.89047
6520000 8.88948
6530000 8.88873
6540000 8.88773
6550000 8.88649
6560000 8.88482
6570000 8.88335
6580000 8.88162
6590000 8.87965
6600000 8.87759
6610000 8.87591
6620000 8.87463
6630000 8.87296
6640000 8.87102
6650000 8.86864
6660000 8.86652
6670000 8.86496
6680000 8.86347
6690000 8.862
6700000 8.86063
6710000 8.85962
6720000 8.85871
6730000 8.85784
6740000 8.85659
6750000 8.85556
6760000 8.8544
6770000 8.85347
6780000 8.85298
6790000 8.85307
6800000 8.85304
6810000 8.85301
6820000 8.8531
6830000 8.85342
6840000 8.85343
6850000 8.85319
6860000 8.85283
6870000 8.85239
6880000 8.85209
6890000 8.85204
6900000 8.85249
6910000 8.85331
6920000 8.85438
6930000 8.85532
6940000 8.85606
6950000 8.85664
6960000 8.85745
6970000 8.85795
6980000 8.85822
6990000 8.85845
7000000 8.85889
7010000 8.85868
7020000 8.85783
7030000 8.8565
7040000 8.8556
7050000 8.85484
7060000 8.85413
7070000 8.85333
7080000 8.85211
7090000 8.8505
7100000 8.84919
7110000 8.84828
7120000 8.84763
7130000 8.84778
7140000 8.84799
7150000 8.84813
7160000 8.84741
7170000 8.84687
7180000 8.84675
7190000 8.84669
7200000 8.84666
7210000 8.84619
7220000 8.84523
7230000 8.84488
7240000 8.8453
7250000 8.84646
7260000 8.84733
7270000 8.84839
7280000 8.84946
7290000 8.85096
7300000 8.85201
7310000 8.85303
7320000 8.85442
7330000 8.85563
7340000 8.85666
7350000 8.85765
7360000 8.85894
7370000 8.86003
7380000 8.86054
7390000 8.86118
7400000 8.86184
7410000 8.86211
7420000 8.86267
7430000 8.86329
7440000 8.86394
7450000 8.86485
7460000 8.86609
7470000 8.86776
7480000 8.86947
7490000 8.87117
7500000 8.87271
7510000 8.87346
7520000 8.8737
7530000 8.87385
7540000 8.87415
7550000 8.87429
7560000 8.87497
7570000 8.87588
7580000 8.87665
7590000 8.87678
7600000 8.87659
7610000 8.87668
7620000 8.8767
7630000 8.87639
7640000 8.87593
7650000 8.8749
7660000 8.8737
7670000 8.8725
7680000 8.87127
7690000 8.87004
7700000 8.86906
7710000 8.86845
7720000 8.8679
7730000 8.86715
7740000 8.86689
7750000 8.86658
7760000 8.86571
7770000 8.86498
7780000 8.86422
7790000 8.86355
7800000 8.8631
7810000 8.86297
7820000 8.86312
7830000 8.86301
7840000 8.86278
7850000 8.86267
7860000 8.86263
7870000 8.86207
7880000 8.86114
7890000 8.86008
7900000 8.85893
7910000 8.85801
7920000 8.85741
7930000 8.8566
7940000 8.85571
7950000 8.8549
7960000 8.85402
7970000 8.85303
7980000 8.85194
7990000 8.8502
8000000 8.84839
8010000 8.84668
8020000 8.84468
8030000 8.84249
8040000 8.84016
8050000 8.83776
8060000 8.83569
8070000 8.83416
8080000 8.83247
8090000 8.83033
8100000 8.82792
8110000 8.82531
8120000 8.82253
8130000 8.8199
8140000 8.81749
8150000 8.81514
8160000 8.81292
8170000 8.8108
8180000 8.8082
8190000 8.80542
8200000 8.80272
8210000 8.79992
8220000 8.7974
8230000 8.79529
8240000 8.79287
8250000 8.79039
8260000 8.78809
8270000 8.78564
8280000 8.78339
8290000 8.78118
8300000 8.77912
8310000 8.77742
8320000 8.77612
8330000 8.77509
8340000 8.77477
8350000 8.77509
8360000 8.7755
8370000 8.77563
8380000 8.77603
8390000 8.77682
8400000 8.7776
8410000 8.77823
8420000 8.77851
8430000 8.77844
8440000 8.77863
8450000 8.77872
8460000 8.77883
8470000 8.77903
8480000 8.77947
8490000 8.77962
8500000 8.77942
8510000 8.77894
8520000 8.77826
8530000 8.77746
8540000 8.77669
8550000 8.7761
8560000 8.77566
8570000 8.77512
8580000 8.77485
8590000 8.77471
8600000 8.77464
8610000 8.77462
8620000 8.77468
8630000 8.77493
8640000 8.77529
8650000 8.77569
8660000 8.77588
8670000 8.77565
8680000 8.77582
8690000 8.77622
8700000 8.77656
8710000 8.77728
8720000 8.77785
8730000 8.77859
8740000 8.77984
8750000 8.78114
8760000 8.78231
8770000 8.78326
8780000 8.78438
8790000 8.78576
8800000 8.78683
8810000 8.78779
8820000 8.78856
8830000 8.78943
8840000 8.79039
8850000 8.79154
8860000 8.79257
8870000 8.79342
8880000 8.79425
8890000 8.79509
8900000 8.79597
8910000 8.79683
8920000 8.79755
8930000 8.79807
8940000 8.79847
8950000 8.79907
8960000 8.7997
8970000 8.80008
8980000 8.80071
8990000 8.80149
9000000 8.80199
9010000 8.80205
9020000 8.80194
9030000 8.8016
9040000 8.801
9050000 8.80052
9060000 8.79979
9070000 8.79848
9080000 8.79721
9090000 8.79555
9100000 8.79408
9110000 8.79248
9120000 8.79122
9130000 8.7901
9140000 8.78917
9150000 8.78885
9160000 8.78853
9170000 8.78805
9180000 8.78759
9190000 8.78722
9200000 8.78712
9210000 8.7876
9220000 8.78837
9230000 8.78904
9240000 8.78998
9250000 8.79089
9260000 8.79153
9270000 8.79181
9280000 8.79199
9290000 8.79244
9300000 8.79312
9310000 8.79328
9320000 8.7934
9330000 8.79345
9340000 8.79323
9350000 8.79294
9360000 8.79282
9370000 8.79271
9380000 8.79246
9390000 8.79215
9400000 8.79166
9410000 8.79138
9420000 8.79097
9430000 8.79076
9440000 8.79066
9450000 8.79033
9460000 8.78936
9470000 8.78849
9480000 8.78803
9490000 8.78789
9500000 8.78811
9510000 8.78852
9520000 8.78844
9530000 8.78841
9540000 8.78818
9550000 8.78801
9560000 8.78758
9570000 8.7873
9580000 8.78718
9590000 8.78733
9600000 8.7876
9610000 8.78785
9620000 8.78753
9630000 8.7873
9640000 8.78721
9650000 8.78674
9660000 8.78592
9670000 8.78531
9680000 8.78525
9690000 8.78567
9700000 8.78641
9710000 8.78725
9720000 8.78815
9730000 8.78876
9740000 8.78978
9750000 8.79085
9760000 8.79186
9770000 8.79236
9780000 8.79303
9790000 8.79359
9800000 8.79443
9810000 8.79534
9820000 8.79608
9830000 8.79669
9840000 8.79721
9850000 8.79769
9860000 8.79805
9870000 8.79884
9880000 8.79966
9890000 8.80072
9900000 8.80186
9910000 8.80262
9920000 8.803
9930000 8.8034
9940000 8.80379
9950000 8.80395
9960000 8.80381
9970000 8.80379
9980000 8.80351
9990000 8.80311
10000000 8.80261
10010000 8.80232
10020000 8.78586
10030000 8.76993
10040000 8.75415
10050000 8.73916
10060000 8.72502
10070000 8.71158
10080000 8.6989
10090000 8.6862
10100000 8.67388
10110000 8.66223
10120000 8.65105
10130000 8.63982
10140000 8.62838
10150000 8.6169
10160000 8.60542
10170000 8.59388
10180000 8.58245
10190000 8.57109
10200000 8.56033
10210000 8.54986
10220000 8.53975
10230000 8.52981
10240000 8.51985
10250000 8.51084
10260000 8.50224
10270000 8.49339
10280000 8.48489
10290000 8.47675
10300000 8.46923
10310000 8.46225
10320000 8.45501
10330000 8.44779
10340000 8.44105
10350000 8.43471
10360000 8.42849
10370000 8.42284
10380000 8.41748
10390000 8.41146
10400000 8.40485
10410000 8.39824
10420000 8.39152
10430000 8.38477
10440000 8.37831
10450000 8.37153
10460000 8.36467
10470000 8.35829
10480000 8.35214
10490000 8.34625
10500000 8.3402
10510000 8.33399
10520000 8.32819
10530000 8.32251
10540000 8.31697
10550000 8.31158
10560000 8.30605
10570000 8.30011
10580000 8.294
10590000 8.28768
10600000 8.28122
10610000 8.27471
10620000 8.26797
10630000 8.26175
10640000 8.2561
10650000 8.2501
10660000 8.24409
10670000 8.23827
10680000 8.23249
10690000 8.22678
10700000 8.22103
10710000 8.21502
10720000 8.20885
10730000 8.20243
10740000 8.19581
10750000 8.18989
10760000 8.18397
10770000 8.17803
10780000 8.17194
10790000 8.16624
10800000 8.16023
10810000 8.15413
10820000 8.14758
10830000 8.14143
10840000 8.13567
10850000 8.12885
10860000 8.1219
10870000 8.11493
10880000 8.10781
10890000 8.10088
10900000 8.09391
10910000 8.08696
10920000 8.07987
10930000 8.07321
10940000 8.06653
10950000 8.05995
10960000 8.05354
10970000 8.04666
10980000 8.03973
10990000 8.03265
11000000 8.02583
11010000 8.01942
11020000 8.01318
11030000 8.00689
11040000 8.00088
11050000 7.99498
11060000 7.98889
11070000 7.98283
11080000 7.97642
11090000 7.97005
11100000 7.96421
11110000 7.95896
11120000 7.95378
11130000 7.94844
11140000 7.94313
11150000 7.93785
11160000 7.9331
11170000 7.92832
11180000 7.92361
11190000 7.9187
11200000 7.91379
11210000 7.90882
11220000 7.90363
11230000 7.8985
11240000 7.89314
11250000 7.88729
11260000 7.88164
11270000 7.87617
11280000 7.87073
11290000 7.86568
11300000 7.86115
11310000 7.85655
11320000 7.85179
11330000 7.84743
11340000 7.84344
11350000 7.83969
11360000 7.83667
11370000 7.83377
11380000 7.8308
11390000 7.82821
11400000 7.82586
11410000 7.82344
11420000 7.82108
11430000 7.81881
11440000 7.81646
11450000 7.81403
11460000 7.81144
11470000 7.80847
11480000 7.80542
11490000 7.80301
11500000 7.80036
11510000 7.79741
11520000 7.79455
11530000 7.79133
11540000 7.78821
11550000 7.78559
11560000 7.78279
11570000 7.77984
11580000 7.77726
11590000 7.77483
11600000 7.77188
11610000 7.76911
11620000 7.76655
11630000 7.76409
11640000 7.76186
11650000 7.75978
11660000 7.75736
11670000 7.75538
11680000 7.75344
11690000 7.75172
11700000 7.75022
11710000 7.74865
11720000 7.74755
11730000 7.74591
11740000 7.744
11750000 7.74215
11760000 7.74086
11770000 7.73978
11780000 7.73918
11790000 7.73883
11800000 7.73846
11810000 7.73814
11820000 7.73818
11830000 7.73826
11840000 7.73807
11850000 7.73752
11860000 7.73633
11870000 7.73464
11880000 7.73294
11890000 7.73104
11900000 7.72875
11910000 7.72602
11920000 7.72302
11930000 7.71946
11940000 7.71545
11950000 7.71121
11960000 7.70701
11970000 7.70322
11980000 7.69961
11990000 7.69607
12000000 7.69288
12010000 7.69019
12020000 7.68728
12030000 7.68424
12040000 7.68113
12050000 7.67802
12060000 7.6749
12070000 7.67198
12080000 7.66934
12090000 7.66652
12100000 7.664
12110000 7.66188
12120000 7.66012
12130000 7.65881
12140000 7.65778
12150000 7.6568
12160000 7.65626
12170000 7.65576
12180000 7.65482
12190000 7.65368
12200000 7.65184
12210000 7.64928
12220000 7.64623
12230000 7.643
12240000 7.63985
12250000 7.63685
12260000 7.63402
12270000 7.63093
12280000 7.62829
12290000 7.62609
12300000 7.62425
12310000 7.62312
12320000 7.62215
12330000 7.62163
12340000 7.621
12350000 7.62046
12360000 7.62022
12370000 7.62015
12380000 7.6201
12390000 7.62001
12400000 7.62006
12410000 7.61987
12420000 7.62021
12430000 7.62091
12440000 7.62178
12450000 7.62327
12460000 7.62457
12470000 7.6259
12480000 7.62646
12490000 7.62687
12500000 7.62746
12510000 7.62809
12520000 7.62848
12530000 7.62815
12540000 7.62718
12550000 7.62603
12560000 7.62541
12570000 7.62433
12580000 7.6228
12590000 7.62202
12600000 7.62132
12610000 7.62088
12620000 7.62046
12630000 7.6196
12640000 7.61935
12650000 7.61924
12660000 7.61947
12670000 7.62004
12680000 7.62078
12690000 7.62107
12700000 7.62142
12710000 7.62223
12720000 7.62346
12730000 7.62537
12740000 7.62711
12750000 7.6294
12760000 7.63206
12770000 7.63435
12780000 7.63618
12790000 7.63814
12800000 7.63973
12810000 7.64145
12820000 7.64321
12830000 7.6455
12840000 7.64822
12850000 7.65093
12860000 7.65328
12870000 7.65534
12880000 7.65707
12890000 7.65862
12900000 7.65957
12910000 7.66039
12920000 7.66143
12930000 7.66226
12940000 7.66239
12950000 7.66227
12960000 7.66204
12970000 7.66166
12980000 7.66158
12990000 7.66128
13000000 7.66066
13010000 7.65976
13020000 7.65893
13030000 7.65826
13040000 7.65713
13050000 7.65676
13060000 7.65638
13070000 7.65548
13080000 7.65451
13090000 7.65326
13100000 7.65239
13110000 7.6514
13120000 7.65093
13130000 7.65048
13140000 7.6502
13150000 7.65031
13160000 7.65044
13170000 7.65067
13180000 7.65074
13190000 7.65069
13200000 7.65021
13210000 7.64928
13220000 7.64802
13230000 7.64674
13240000 7.64533
13250000 7.64419
13260000 7.64365
13270000 7.64387
13280000 7.64447
13290000 7.64539
13300000 7.6466
13310000 7.64771
13320000 7.64868
13330000 7.64936
13340000 7.65003
13350000 7.65098
13360000 7.65206
13370000 7.65359
13380000 7.65492
13390000 7.65545
13400000 7.65584
13410000 7.65547
13420000 7.65494
13430000 7.65401
13440000 7.65218
13450000 7.6502
13460000 7.64858
13470000 7.64718
13480000 7.64538
13490000 7.64328
13500000 7.64138
13510000 7.6399
13520000 7.63853
13530000 7.63721
13540000 7.63604
13550000 7.63478
13560000 7.63362
13570000 7.63255
13580000 7.63117
13590000 7.62961
13600000 7.62829
13610000 7.62685
13620000 7.62619
13630000 7.62589
13640000 7.62599
13650000 7.62609
13660000 7.62629
13670000 7.62648
13680000 7.6265
13690000 7.62588
13700000 7.62602
13710000 7.62623
13720000 7.62637
13730000 7.62666
13740000 7.62709
13750000 7.62767
13760000 7.62834
13770000 7.62883
13780000 7.62892
13790000 7.62889
13800000 7.62876
13810000 7.62857
13820000 7.62826
13830000 7.62803
13840000 7.62761
13850000 7.62696
13860000 7.6261
13870000 7.625
13880000 7.62394
13890000 7.62322
13900000 7.6231
13910000 7.62263
13920000 7.62256
13930000 7.6231
13940000 7.62363
13950000 7.62467
13960000 7.62609
13970000 7.62787
13980000 7.63012
13990000 7.63207
14000000 7.6335
14010000 7.63509
14020000 7.637
14030000 7.639
14040000 7.64094
14050000 7.6426
14060000 7.64427
14070000 7.64638
14080000 7.64869
14090000 7.65134
14100000 7.65371
14110000 7.65591
14120000 7.65808
14130000 7.66063
14140000 7.66331
14150000 7.66611
14160000 7.66872
14170000 7.67154
14180000 7.6742
14190000 7.67668
14200000 7.6795
14210000 7.68292
14220000 7.68619
14230000 7.68952
14240000 7.69343
14250000 7.69775
14260000 7.70229
14270000 7.70663
14280000 7.71036
14290000 7.71427
14300000 7.71795
14310000 7.72157
14320000 7.72502
14330000 7.72823
14340000 7.73185
14350000 7.73543
14360000 7.73852
14370000 7.74161
14380000 7.74478
14390000 7.74789
14400000 7.75117
14410000 7.75479
14420000 7.7582
14430000 7.76141
14440000 7.76461
14450000 7.7681
14460000 7.77143
14470000 7.77469
14480000 7.77814
14490000 7.7815
14500000 7.78463
14510000 7.7876
14520000 7.79085
14530000 7.79425
14540000 7.79743
14550000 7.80047
14560000 7.80372
14570000 7.80715
14580000 7.81058
14590000 7.81325
14600000 7.81572
14610000 7.8177
14620000 7.81974
14630000 7.82256
14640000 7.82587
14650000 7.82913
14660000 7.83222
14670000 7.8348
14680000 7.83691
14690000 7.83895
14700000 7.84125
14710000 7.84435
14720000 7.84767
14730000 7.85096
14740000 7.85399
14750000 7.8564
14760000 7.85827
14770000 7.85963
14780000 7.86107
14790000 7.86303
14800000 7.86547
14810000 7.86817
14820000 7.87034
14830000 7.87264
14840000 7.87516
14850000 7.8775
14860000 7.87961
14870000 7.88168
14880000 7.88392
14890000 7.88563
14900000 7.88713
14910000 7.88846
14920000 7.88964
14930000 7.89041
14940000 7.89071
14950000 7.89097
14960000 7.89149
14970000 7.89238
14980000 7.89302
14990000 7.89372
15000000 7.89412
15010000 7.89479
15020000 7.89528
15030000 7.8959
15040000 7.89591
15050000 7.89586
15060000 7.89602
15070000 7.89602
15080000 7.89638
15090000 7.89696
15100000 7.89756
15110000 7.89862
15120000 7.89998
15130000 7.90087
15140000 7.90136
15150000 7.90167
15160000 7.9011
15170000 7.89998
15180000 7.89888
15190000 7.89785
15200000 7.8968
15210000 7.89591
15220000 7.89583
15230000 7.89604
15240000 7.89634
15250000 7.89681
15260000 7.89787
15270000 7.89916
15280000 7.90096
15290000 7.9023
15300000 7.90272
15310000 7.90298
15320000 7.90295
15330000 7.90338
15340000 7.90365
15350000 7.90349
15360000 7.90311
15370000 7.90202
15380000 7.90078
15390000 7.89964
15400000 7.89827
15410000 7.89713
15420000 7.89579
15430000 7.89459
15440000 7.89365
15450000 7.89264
15460000 7.89226
15470000 7.89196
15480000 7.89154
15490000 7.89132
15500000 7.89053
15510000 7.88947
15520000 7.88818
15530000 7.88675
15540000 7.88507
15550000 7.88381
15560000 7.88264
15570000 7.88114
15580000 7.87918
15590000 7.877
15600000 7.87503
15610000 7.87302
15620000 7.8706
15630000 7.86834
15640000 7.86592
15650000 7.86346
15660000 7.86076
15670000 7.8578
15680000 7.85431
15690000 7.85054
15700000 7.84674
15710000 7.84267
15720000 7.8382
15730000 7.83383
15740000 7.82924
15750000 7.82457
15760000 7.8202
15770000 7.81609
15780000 7.81136
15790000 7.80674
15800000 7.8025
15810000 7.79834
15820000 7.79431
15830000 7.79007
15840000 7.78593
15850000 7.78193
15860000 7.77768
15870000 7.77331
15880000 7.76882
15890000 7.76437
15900000 7.76035
15910000 7.75683
15920000 7.75338
15930000 7.74954
15940000 7.74558
15950000 7.74173
15960000 7.73799
15970000 7.73454
15980000 7.73143
15990000 7.72851
16000000 7.72616
16010000 7.72422
16020000 7.7221
16030000 7.72054
16040000 7.71925
16050000 7.71784
16060000 7.71679
16070000 7.71584
16080000 7.71526
16090000 7.71454
16100000 7.71363
16110000 7.71261
16120000 7.71108
16130000 7.70964
16140000 7.70797
16150000 7.7064
16160000 7.70515
16170000 7.70392
16180000 7.70285
16190000 7.70102
16200000 7.69893
16210000 7.69664
16220000 7.6951
16230000 7.69405
16240000 7.69314
16250000 7.6921
16260000 7.69062
16270000 7.6891
16280000 7.68771
16290000 7.68601
16300000 7.68418
16310000 7.68258
16320000 7.68154
16330000 7.6805
16340000 7.67949
16350000 7.67886
16360000 7.67856
16370000 7.67848
16380000 7.67836
16390000 7.67797
16400000 7.67798
16410000 7.67815
16420000 7.6785
16430000 7.67868
16440000 7.67864
16450000 7.67906
16460000 7.67964
16470000 7.68037
16480000 7.68159
16490000 7.68206
16500000 7.68197
16510000 7.68209
16520000 7.68169
16530000 7.68113
16540000 7.68049
16550000 7.68009
16560000 7.67982
16570000 7.67971
16580000 7.67976
16590000 7.68054
16600000 7.68121
16610000 7.68129
16620000 7.6806
16630000 7.67985
16640000 7.6795
16650000 7.6795
16660000 7.67956
16670000 7.67917
16680000 7.67868
16690000 7.67801
16700000 7.67746
16710000 7.67701
16720000 7.67694
16730000 7.67659
16740000 7.67683
16750000 7.67691
16760000 7.67718
16770000 7.67714
16780000 7.67681
16790000 7.67569
16800000 7.67476
16810000 7.67394
16820000 7.67262
16830000 7.67137
16840000 7.67064
16850000 7.67076
16860000 7.67093
16870000 7.67122
16880000 7.67103
16890000 7.67092
16900000 7.67061
16910000 7.6704
16920000 7.67018
16930000 7.67017
16940000 7.67004
16950000 7.6698
16960000 7.66956
16970000 7.66918
16980000 7.66893
16990000 7.66848
17000000 7.66757
17010000 7.66674
17020000 7.66619
17030000 7.66602
17040000 7.66573
17050000 7.66524
17060000 7.66482
17070000 7.6649
17080000 7.66565
17090000 7.66714
17100000 7.66835
17110000 7.66933
17120000 7.66976
17130000 7.66973
17140000 7.66948
17150000 7.6693
17160000 7.66976
17170000 7.67006
17180000 7.66974
17190000 7.66976
17200000 7.67015
17210000 7.67076
17220000 7.67135
17230000 7.67135
17240000 7.67118
17250000 7.67053
17260000 7.66969
17270000 7.66874
17280000 7.66778
17290000 7.66651
17300000 7.66577
17310000 7.66506
17320000 7.66447
17330000 7.66437
17340000 7.66434
17350000 7.66386
17360000 7.66303
17370000 7.66217
17380000 7.66174
17390000 7.66112
17400000 7.66082
17410000 7.66075
17420000 7.66039
17430000 7.66008
17440000 7.65962
17450000 7.65884
17460000 7.65769
17470000 7.65666
17480000 7.65569
17490000 7.65464
17500000 7.65366
17510000 7.65331
17520000 7.65334
17530000 7.65395
17540000 7.65439
17550000 7.6547
17560000 7.6542
17570000 7.6533
17580000 7.65203
17590000 7.65086
17600000 7.64959
17610000 7.64784
17620000 7.64656
17630000 7.64559
17640000 7.64498
17650000 7.64493
17660000 7.64516
17670000 7.64572
17680000 7.64638
17690000 7.64681
17700000 7.647
17710000 7.64702
17720000 7.64684
17730000 7.64661
17740000 7.64634
17750000 7.64609
17760000 7.64648
17770000 7.64699
17780000 7.6476
17790000 7.64809
17800000 7.64833
17810000 7.64842
17820000 7.64879
17830000 7.64947
17840000 7.64998
17850000 7.65025
17860000 7.65065
17870000 7.65176
17880000 7.65353
17890000 7.65605
17900000 7.65869
17910000 7.66105
17920000 7.66323
17930000 7.66539
17940000 7.66716
17950000 7.66874
17960000 7.67055
17970000 7.67225
17980000 7.67363
17990000 7.67548
18000000 7.67726
18010000 7.67863
18020000 7.68026
18030000 7.68215
18040000 7.68435
18050000 7.6863
18060000 7.68758
18070000 7.68839
18080000 7.68921
18090000 7.69087
18100000 7.69297
18110000 7.69509
18120000 7.69768
18130000 7.70012
18140000 7.70194
18150000 7.70367
18160000 7.70506
18170000 7.70622
18180000 7.70776
18190000 7.70902
18200000 7.70978
18210000 7.71046
18220000 7.71074
18230000 7.71066
18240000 7.71119
18250000 7.71187
18260000 7.71253
18270000 7.71312
18280000 7.71359
18290000 7.71384
18300000 7.71386
18310000 7.71379
18320000 7.71341
18330000 7.71248
18340000 7.71088
18350000 7.70913
18360000 7.70755
18370000 7.70623
18380000 7.70449
18390000 7.70273
18400000 7.70072
18410000 7.69855
18420000 7.69666
18430000 7.69488
18440000 7.69252
18450000 7.69012
18460000 7.68804
18470000 7.68607
18480000 7.68404
18490000 7.68195
18500000 7.68019
18510000 7.67881
18520000 7.67766
18530000 7.67643
18540000 7.67505
18550000 7.67364
18560000 7.67182
18570000 7.66998
18580000 7.66762
18590000 7.66513
18600000 7.66256
18610000 7.65993
18620000 7.65695
18630000 7.65385
18640000 7.65081
18650000 7.64774
18660000 7.64475
18670000 7.64243
18680000 7.64031
18690000 7.63851
18700000 7.63678
18710000 7.63442
18720000 7.6323
18730000 7.62972
18740000 7.62683
18750000 7.62381
18760000 7.62133
18770000 7.61873
18780000 7.61579
18790000 7.61256
18800000 7.6094
18810000 7.60641
18820000 7.60298
18830000 7.59975
18840000 7.59673
18850000 7.59392
18860000 7.59107
18870000 7.58806
18880000 7.58478
18890000 7.58187
18900000 7.57903
18910000 7.57628
18920000 7.57366
18930000 7.57116
18940000 7.56897
18950000 7.56663
18960000 7.56429
18970000 7.56231
18980000 7.56035
18990000 7.55806
19000000 7.55579
19010000 7.55387
19020000 7.55174
19030000 7.54975
19040000 7.54816
19050000 7.54626
19060000 7.54442
19070000 7.54324
19080000 7.5423
19090000 7.54207
19100000 7.54147
19110000 7.54101
19120000 7.54
19130000 7.53842
19140000 7.5366
19150000 7.53431
19160000 7.53188
19170000 7.52964
19180000 7.52767
19190000 7.52559
19200000 7.52278
19210000 7.51917
19220000 7.51538
19230000 7.51184
19240000 7.50789
19250000 7.50432
19260000 7.50122
19270000 7.49823
19280000 7.49507
19290000 7.49131
19300000 7.48704
19310000 7.48345
19320000 7.47988
19330000 7.47604
19340000 7.4726
19350000 7.46932
19360000 7.46606
19370000 7.463
19380000 7.46006
19390000 7.45718
19400000 7.45491
19410000 7.45267
19420000 7.45088
19430000 7.449
19440000 7.4467
19450000 7.44469
19460000 7.44346
19470000 7.44201
19480000 7.44011
19490000 7.43814
19500000 7.43548
19510000 7.43273
19520000 7.43085
19530000 7.42888
19540000 7.42687
19550000 7.42492
19560000 7.42316
19570000 7.42123
19580000 7.41952
19590000 7.41746
19600000 7.41555
19610000 7.41346
19620000 7.41166
19630000 7.40979
19640000 7.40773
19650000 7.40569
19660000 7.40396
19670000 7.4023
19680000 7.40052
19690000 7.39845
19700000 7.39599
19710000 7.39354
19720000 7.3911
19730000 7.38903
19740000 7.38645
19750000 7.38385
19760000 7.38171
19770000 7.38013
19780000 7.37855
19790000 7.37703
19800000 7.37494
19810000 7.3727
19820000 7.3707
19830000 7.36885
19840000 7.36716
19850000 7.36555
19860000 7.36449
19870000 7.36289
19880000 7.36191
19890000 7.36113
19900000 7.36049
19910000 7.3603
19920000 7.36046
19930000 7.36028
19940000 7.35946
19950000 7.35863
19960000 7.35818
19970000 7.35763
19980000 7.35734
19990000 7.35684
20000000 7.35617
20010000 7.35513
20020000 7.35463
20030000 7.35471
20040000 7.35559
20050000 7.35614
20060000 7.35627
20070000 7.3558
20080000 7.3555
20090000 7.35531
20100000 7.35481
20110000 7.35407
20120000 7.35301
20130000 7.35235
20140000 7.35205
20150000 7.35185
20160000 7.35185
20170000 7.35227
20180000 7.353
20190000 7.35417
20200000 7.35573
20210000 7.35709
20220000 7.35835
20230000 7.35948
20240000 7.36035
20250000 7.36037
20260000 7.36063
20270000 7.36124
20280000 7.36227
20290000 7.36269
20300000 7.36322
20310000 7.36363
20320000 7.36423
20330000 7.36497
20340000 7.36582
20350000 7.36653
20360000 7.36744
20370000 7.36781
20380000 7.3678
20390000 7.36796
20400000 7.36826
20410000 7.36853
20420000 7.36878
20430000 7.36913
20440000 7.3694
20450000 7.37012
20460000 7.37174
20470000 7.37374
20480000 7.37553
20490000 7.37668
20500000 7.37801
20510000 7.3795
20520000 7.38091
20530000 7.38221
20540000 7.38363
20550000 7.38494
20560000 7.38688
20570000 7.38961
20580000 7.39237
20590000 7.39514
20600000 7.39797
20610000 7.40059
20620000 7.40334
20630000 7.40573
20640000 7.40767
20650000 7.40973
20660000 7.41194
20670000 7.41449
20680000 7.41698
20690000 7.41935
20700000 7.42145
20710000 7.42375
20720000 7.42613
20730000 7.42853
20740000 7.43101
20750000 7.43324
20760000 7.43554
20770000 7.43812
20780000 7.44071
20790000 7.44291
20800000 7.44465
20810000 7.44626
20820000 7.44813
20830000 7.45008
20840000 7.45181
20850000 7.45385
20860000 7.45573
20870000 7.45775
20880000 7.46014
20890000 7.4621
20900000 7.4638
20910000 7.4656
20920000 7.46696
20930000 7.46764
20940000 7.46806
20950000 7.46861
20960000 7.46958
20970000 7.47118
20980000 7.47232
20990000 7.47351
21000000 7.47472
21010000 7.47556
21020000 7.47666
21030000 7.47771
21040000 7.47909
21050000 7.48059
21060000 7.48225
21070000 7.4841
21080000 7.4863
21090000 7.48909
21100000 7.49206
21110000 7.49502
21120000 7.49768
21130000 7.50023
21140000 7.50272
21150000 7.50512
21160000 7.50731
21170000 7.50985
21180000 7.51267
21190000 7.51572
21200000 7.51822
21210000 7.52001
21220000 7.5222
21230000 7.52468
21240000 7.5273
21250000 7.5301
21260000 7.53258
21270000 7.5347
21280000 7.53662
21290000 7.53846
21300000 7.53997
21310000 7.54194
21320000 7.54435
21330000 7.54687
21340000 7.54945
21350000 7.55191
21360000 7.55453
21370000 7.55744
21380000 7.55985
21390000 7.56244
21400000 7.56505
21410000 7.56779
21420000 7.57037
21430000 7.57283
21440000 7.57547
21450000 7.57839
21460000 7.58144
21470000 7.58497
21480000 7.58902
21490000 7.59257
21500000 7.59578
21510000 7.59934
21520000 7.60226
21530000 7.60539
21540000 7.6082
21550000 7.61059
21560000 7.61322
21570000 7.61636
21580000 7.6194
21590000 7.6221
21600000 7.62493
21610000 7.6275
21620000 7.62987
21630000 7.632
21640000 7.63406
21650000 7.63577
21660000 7.63728
21670000 7.63841
21680000 7.63941
21690000 7.63998
21700000 7.64041
21710000 7.64093
21720000 7.64142
21730000 7.64158
21740000 7.64183
21750000 7.64242
21760000 7.64288
21770000 7.64333
21780000 7.64402
21790000 7.64473
21800000 7.64518
21810000 7.64585
21820000 7.64609
21830000 7.64632
21840000 7.64653
21850000 7.64679
21860000 7.64727
21870000 7.64779
21880000 7.64798
21890000 7.64816
21900000 7.64858
21910000 7.64861
21920000 7.6486
21930000 7.64835
21940000 7.64848
21950000 7.64855
21960000 7.64903
21970000 7.64957
21980000 7.65058
21990000 7.65168
22000000 7.65271
22010000 7.6539
22020000 7.65503
22030000 7.65571
22040000 7.65631
22050000 7.65699
22060000 7.65847
22070000 7.66008
22080000 7.66185
22090000 7.66408
22100000 7.66623
22110000 7.66768
22120000 7.66874
22130000 7.66891
22140000 7.66908
22150000 7.66903
22160000 7.66924
22170000 7.66943
22180000 7.66949
22190000 7.66902
22200000 7.66888
22210000 7.66929
22220000 7.67054
22230000 7.67178
22240000 7.67358
22250000 7.67526
22260000 7.6769
22270000 7.67819
22280000 7.67888
22290000 7.67938
22300000 7.67993
22310000 7.6801
22320000 7.68004
22330000 7.67964
22340000 7.67898
22350000 7.67833
22360000 7.67771
22370000 7.67739
22380000 7.67684
22390000 7.67594
22400000 7.67526
22410000 7.67523
22420000 7.67514
22430000 7.6748
22440000 7.67416
22450000 7.67325
22460000 7.67218
22470000 7.67158
22480000 7.67127
22490000 7.67118
22500000 7.67099
22510000 7.67051
22520000 7.66996
22530000 7.66967
22540000 7.66968
22550000 7.66984
22560000 7.66959
22570000 7.66963
22580000 7.66989
22590000 7.66962
22600000 7.66913
22610000 7.66881
22620000 7.66833
22630000 7.66829
22640000 7.66785
22650000 7.66752
22660000 7.66694
22670000 7.66585
22680000 7.66493
22690000 7.66417
22700000 7.66351
22710000 7.66256
22720000 7.66129
22730000 7.65951
22740000 7.65789
22750000 7.65574
22760000 7.65319
22770000 7.65101
22780000 7.64903
22790000 7.64658
22800000 7.64419
22810000 7.64141
22820000 7.63862
22830000 7.63565
22840000 7.63279
22850000 7.63007
22860000 7.62751
22870000 7.62504
22880000 7.6226
22890000 7.61998
22900000 7.61747
22910000 7.61518
22920000 7.61266
22930000 7.6101
22940000 7.60769
22950000 7.60524
22960000 7.60283
22970000 7.60055
22980000 7.59788
22990000 7.59559
23000000 7.59297
23010000 7.59037
23020000 7.58738
23030000 7.5849
23040000 7.58243
23050000 7.57959
23060000 7.57742
23070000 7.57582
23080000 7.57406
23090000 7.57237
23100000 7.57046
23110000 7.56901
23120000 7.56753
23130000 7.56607
23140000 7.5653
23150000 7.56491
23160000 7.56488
23170000 7.56476
23180000 7.56468
23190000 7.56494
23200000 7.56531
23210000 7.5659
23220000 7.56589
23230000 7.56562
23240000 7.56552
23250000 7.56498
23260000 7.5643
23270000 7.56297
23280000 7.56112
23290000 7.55903
23300000 7.55711
23310000 7.5552
23320000 7.55322
23330000 7.55137
23340000 7.54963
23350000 7.548
23360000 7.54661
23370000 7.54532
23380000 7.54392
23390000 7.54262
23400000 7.54163
23410000 7.54053
23420000 7.53976
23430000 7.53912
23440000 7.53869
23450000 7.53908
23460000 7.53937
23470000 7.53927
23480000 7.53961
23490000 7.54049
23500000 7.5416
23510000 7.54269
23520000 7.54381
23530000 7.54449
23540000 7.54464
23550000 7.54461
23560000 7.54482
23570000 7.54531
23580000 7.54611
23590000 7.54742
23600000 7.54869
23610000 7.54976
23620000 7.55045
23630000 7.55116
23640000 7.55184
23650000 7.55277
23660000 7.55373
23670000 7.5549
23680000 7.55634
23690000 7.55792
23700000 7.55854
23710000 7.55903
23720000 7.55948
23730000 7.55981
23740000 7.56023
23750000 7.56042
23760000 7.56015
23770000 7.55963
23780000 7.55906
23790000 7.55856
23800000 7.55818
23810000 7.5577
23820000 7.55745
23830000 7.55762
23840000 7.55805
23850000 7.55871
23860000 7.55981
23870000 7.56057
23880000 7.56107
23890000 7.56172
23900000 7.56256
23910000 7.56391
23920000 7.56505
23930000 7.56631
23940000 7.568
23950000 7.56917
23960000 7.57029
23970000 7.57154
23980000 7.57248
23990000 7.57316
24000000 7.57411
24010000 7.57481
24020000 7.57534
24030000 7.5757
24040000 7.57648
24050000 7.57703
24060000 7.57715
24070000 7.57724
24080000 7.57792
24090000 7.5782
24100000 7.57865
24110000 7.57923
24120000 7.57981
24130000 7.58071
24140000 7.58131
24150000 7.58189
24160000 7.58258
24170000 7.58279
24180000 7.58315
24190000 7.58358
24200000 7.58357
24210000 7.58333
24220000 7.58319
24230000 7.58311
24240000 7.58285
24250000 7.58254
24260000 7.5822
24270000 7.58198
24280000 7.58133
24290000 7.58065
24300000 7.57999
24310000 7.57931
24320000 7.57847
24330000 7.5777
24340000 7.57641
24350000 7.57463
24360000 7.57335
24370000 7.5724
24380000 7.57124
24390000 7.56967
24400000 7.56832
24410000 7.56701
24420000 7.56633
24430000 7.56574
24440000 7.56504
24450000 7.56382
24460000 7.56243
24470000 7.56085
24480000 7.55926
24490000 7.55788
24500000 7.55598
24510000 7.55436
24520000 7.55257
24530000 7.55049
24540000 7.54869
24550000 7.5471
24560000 7.54556
24570000 7.54424
24580000 7.54312
24590000 7.54168
24600000 7.53972
24610000 7.53782
24620000 7.53644
24630000 7.53498
24640000 7.53306
24650000 7.53137
24660000 7.52961
24670000 7.52805
24680000 7.52652
24690000 7.52484
24700000 7.52303
24710000 7.52071
24720000 7.51871
24730000 7.51677
24740000 7.5155
24750000 7.51443
24760000 7.51365
24770000 7.51314
24780000 7.51264
24790000 7.51185
24800000 7.51102
24810000 7.51031
24820000 7.51007
24830000 7.50966
24840000 7.50951
24850000 7.51025
24860000 7.51135
24870000 7.51254
24880000 7.51362
24890000 7.51485
24900000 7.51586
24910000 7.51654
24920000 7.51697
24930000 7.51758
24940000 7.5182
24950000 7.51918
24960000 7.52062
24970000 7.52175
24980000 7.52285
24990000 7.52375
25000000 7.52428
25010000 7.52474
25020000 7.5257
25030000 7.52648
25040000 7.52801
25050000 7.52993
25060000 7.53178
25070000 7.53389
25080000 7.53622
25090000 7.53804
25100000 7.53997
25110000 7.5419
25120000 7.54361
25130000 7.54585
25140000 7.54819
25150000 7.55042
25160000 7.5523
25170000 7.55369
25180000 7.55478
25190000 7.55567
25200000 7.5564
25210000 7.55683
25220000 7.55699
25230000 7.55705
25240000 7.55709
25250000 7.5574
25260000 7.55766
25270000 7.55798
25280000 7.55822
25290000 7.55892
25300000 7.55961
25310000 7.56012
25320000 7.56098
25330000 7.56196
25340000 7.56275
25350000 7.56393
25360000 7.56535
25370000 7.56737
25380000 7.56922
25390000 7.57053
25400000 7.57183
25410000 7.57315
25420000 7.57463
25430000 7.57596
25440000 7.57648
25450000 7.57683
25460000 7.57718
25470000 7.57784
25480000 7.57867
25490000 7.57903
25500000 7.57936
25510000 7.57962
25520000 7.58029
25530000 7.58147
25540000 7.58284
25550000 7.58365
25560000 7.58401
25570000 7.58438
25580000 7.58485
25590000 7.58578
25600000 7.58641
25610000 7.58692
25620000 7.58751
25630000 7.58824
25640000 7.58877
25650000 7.58982
25660000 7.59129
25670000 7.5933
25680000 7.59571
25690000 7.59852
25700000 7.60144
25710000 7.60452
25720000 7.60802
25730000 7.61189
25740000 7.61603
25750000 7.62044
25760000 7.6247
25770000 7.6289
25780000 7.63351
25790000 7.63783
25800000 7.64165
25810000 7.64527
25820000 7.64892
25830000 7.65299
25840000 7.65694
25850000 7.6613
25860000 7.66634
25870000 7.67148
25880000 7.67672
25890000 7.68187
25900000 7.68665
25910000 7.69084
25920000 7.69463
25930000 7.69871
25940000 7.70289
25950000 7.70689
25960000 7.71031
25970000 7.71366
25980000 7.71648
25990000 7.71963
26000000 7.72244
26010000 7.72523
26020000 7.7286
26030000 7.7318
26040000 7.73505
26050000 7.73878
26060000 7.74249
26070000 7.74594
26080000 7.74917
26090000 7.75199
26100000 7.75488
26110000 7.75809
26120000 7.76207
26130000 7.76568
26140000 7.76942
26150000 7.77305
26160000 7.77651
26170000 7.77994
26180000 7.78285
26190000 7.78588
26200000 7.78973
26210000 7.79373
26220000 7.79767
26230000 7.80098
26240000 7.80371
26250000 7.80657
26260000 7.80989
26270000 7.81275
26280000 7.81548
26290000 7.81766
26300000 7.81987
26310000 7.82224
26320000 7.82396
26330000 7.82592
26340000 7.82799
26350000 7.82946
26360000 7.83066
26370000 7.83162
26380000 7.83276
26390000 7.83458
26400000 7.83671
26410000 7.83895
26420000 7.84148
26430000 7.84429
26440000 7.84724
26450000 7.85017
26460000 7.85263
26470000 7.85501
26480000 7.85735
26490000 7.86056
26500000 7.86405
26510000 7.86706
26520000 7.87042
26530000 7.87399
26540000 7.87798
26550000 7.88221
26560000 7.88662
26570000 7.89076
26580000 7.89544
26590000 7.89956
26600000 7.904
26610000 7.90916
26620000 7.91478
26630000 7.92048
26640000 7.92552
26650000 7.93043
26660000 7.93547
26670000 7.94081
26680000 7.94611
26690000 7.95132
26700000 7.95648
26710000 7.96113
26720000 7.96522
26730000 7.96971
26740000 7.97425
26750000 7.97854
26760000 7.98241
26770000 7.98665
26780000 7.99061
26790000 7.99485
26800000 7.9989
26810000 8.00285
26820000 8.00746
26830000 8.01196
26840000 8.01619
26850000 8.01975
26860000 8.02306
26870000 8.02642
26880000 8.03035
26890000 8.03357
26900000 8.0364
26910000 8.03877
26920000 8.04071
26930000 8.04251
26940000 8.04477
26950000 8.04703
26960000 8.04862
26970000 8.05026
26980000 8.05207
26990000 8.05397
27000000 8.056
27010000 8.05845
27020000 8.06113
27030000 8.06395
27040000 8.06592
27050000 8.06815
27060000 8.0702
27070000 8.0713
27080000 8.07187
27090000 8.07181
27100000 8.07175
27110000 8.07176
27120000 8.07193
27130000 8.07123
27140000 8.07085
27150000 8.07055
27160000 8.07066
27170000 8.07048
27180000 8.07036
27190000 8.06981
27200000 8.06901
27210000 8.06796
27220000 8.06717
27230000 8.06674
27240000 8.06573
27250000 8.06501
27260000 8.06495
27270000 8.06514
27280000 8.06565
27290000 8.06723
27300000 8.06892
27310000 8.07021
27320000 8.07083
27330000 8.07118
27340000 8.07127
27350000 8.07146
27360000 8.07165
27370000 8.07177
27380000 8.07224
27390000 8.07328
27400000 8.07432
27410000 8.07545
27420000 8.07633
27430000 8.07719
27440000 8.07804
27450000 8.07875
27460000 8.07959
27470000 8.07988
27480000 8.08006
27490000 8.08018
27500000 8.08022
27510000 8.08031
27520000 8.08059
27530000 8.08006
27540000 8.07932
27550000 8.07896
27560000 8.07906
27570000 8.07924
27580000 8.07964
27590000 8.08003
27600000 8.08075
27610000 8.08161
27620000 8.08239
27630000 8.08342
27640000 8.08436
27650000 8.08531
27660000 8.0859
27670000 8.08623
27680000 8.0864
27690000 8.0866
27700000 8.08679
27710000 8.08671
27720000 8.08679
27730000 8.08725
27740000 8.08707
27750000 8.08711
27760000 8.08716
27770000 8.087
27780000 8.08656
27790000 8.08626
27800000 8.08669
27810000 8.08728
27820000 8.08728
27830000 8.08698
27840000 8.08691
27850000 8.08641
27860000 8.08561
27870000 8.08429
27880000 8.08192
27890000 8.07888
27900000 8.07534
27910000 8.07217
27920000 8.0693
27930000 8.06679
27940000 8.06452
27950000 8.06209
27960000 8.05938
27970000 8.05684
27980000 8.05444
27990000 8.05221
28000000 8.05041
28010000 8.04943
28020000 8.0483
28030000 8.04741
28040000 8.0467
28050000 8.04656
28060000 8.04712
28070000 8.04755
28080000 8.04798
28090000 8.04787
28100000 8.04744
28110000 8.04703
28120000 8.04647
28130000 8.04582
28140000 8.04526
28150000 8.04473
28160000 8.0445
28170000 8.04387
28180000 8.0436
28190000 8.04383
28200000 8.0446
28210000 8.04583
28220000 8.04736
28230000 8.04872
28240000 8.04983
28250000 8.05047
28260000 8.05081
28270000 8.05139
28280000 8.05199
28290000 8.053
28300000 8.05427
28310000 8.05521
28320000 8.05592
28330000 8.05669
28340000 8.05735
28350000 8.05767
28360000 8.05784
28370000 8.05809
28380000 8.05843
28390000 8.05883
28400000 8.05959
28410000 8.06046
28420000 8.06084
28430000 8.06144
28440000 8.06277
28450000 8.0645
28460000 8.06599
28470000 8.06712
28480000 8.06811
28490000 8.06963
28500000 8.07108
28510000 8.07203
28520000 8.07282
28530000 8.074
28540000 8.07531
28550000 8.07635
28560000 8.07779
28570000 8.07911
28580000 8.08075
28590000 8.08193
28600000 8.08302
28610000 8.08444
28620000 8.08565
28630000 8.08687
28640000 8.0878
28650000 8.08874
28660000 8.09001
28670000 8.09057
28680000 8.09087
28690000 8.09055
28700000 8.09041
28710000 8.09065
28720000 8.09058
28730000 8.09083
28740000 8.09103
28750000 8.09136
28760000 8.09139
28770000 8.09151
28780000 8.09169
28790000 8.09178
28800000 8.09239
28810000 8.09282
28820000 8.09357
28830000 8.09359
28840000 8.09323
28850000 8.0922
28860000 8.09154
28870000 8.09112
28880000 8.09131
28890000 8.09166
28900000 8.09227
28910000 8.09278
28920000 8.09334
28930000 8.09383
28940000 8.09423
28950000 8.09427
28960000 8.09425
28970000 8.094
28980000 8.09318
28990000 8.09289
29000000 8.0929
29010000 8.09325
29020000 8.09379
29030000 8.0942
29040000 8.09392
29050000 8.09341
29060000 8.09279
29070000 8.09195
29080000 8.09047
29090000 8.08861
29100000 8.08696
29110000 8.08523
29120000 8.08378
29130000 8.08283
29140000 8.0817
29150000 8.08062
29160000 8.07998
29170000 8.0796
29180000 8.07884
29190000 8.07793
29200000 8.07771
29210000 8.07817
29220000 8.07872
29230000 8.07889
29240000 8.07929
29250000 8.07924
29260000 8.07912
29270000 8.07933
29280000 8.07966
29290000 8.08009
29300000 8.08098
29310000 8.08132
29320000 8.08155
29330000 8.08233
29340000 8.0834
29350000 8.08447
29360000 8.0853
29370000 8.08636
29380000 8.08749
29390000 8.08861
29400000 8.08927
29410000 8.08977
29420000 8.0902
29430000 8.09108
29440000 8.0926
29450000 8.0941
29460000 8.09536
29470000 8.09697
29480000 8.09829
29490000 8.09919
29500000 8.10051
29510000 8.10172
29520000 8.10241
29530000 8.10285
29540000 8.10344
29550000 8.10371
29560000 8.1042
29570000 8.10448
29580000 8.10422
29590000 8.10423
29600000 8.10395
29610000 8.10387
29620000 8.10429
29630000 8.10444
29640000 8.10469
29650000 8.1057
29660000 8.10664
29670000 8.10746
29680000 8.108
29690000 8.10822
29700000 8.10855
29710000 8.1088
29720000 8.1091
29730000 8.10937
29740000 8.1098
29750000 8.11035
29760000 8.11032
29770000 8.11004
29780000 8.1097
29790000 8.1094
29800000 8.10918
29810000 8.10906
29820000 8.1089
29830000 8.1087
29840000 8.10817
29850000 8.10772
29860000 8.10664
29870000 8.10551
29880000 8.10344
29890000 8.10079
29900000 8.09808
29910000 8.09509
29920000 8.0922
29930000 8.08977
29940000 8.08807
29950000 8.08671
29960000 8.08523
29970000 8.08355
29980000 8.08168
29990000 8.07988
30000000 8.07835
30010000 8.07682
30020000 8.07486
30030000 8.07275
30040000 8.07095
30050000 8.0697
30060000 8.06863
30070000 8.06816
30080000 8.06706
30090000 8.06629
30100000 8.0663
30110000 8.06646
30120000 8.0668
30130000 8.06676
30140000 8.06677
30150000 8.06708
30160000 8.06751
30170000 8.06763
30180000 8.06713
30190000 8.0663
30200000 8.06553
30210000 8.06473
30220000 8.06367
30230000 8.06285
30240000 8.06221
30250000 8.06195
30260000 8.06129
30270000 8.06049
30280000 8.06023
30290000 8.05977
30300000 8.05911
30310000 8.05901
30320000 8.05887
30330000 8.05875
30340000 8.05866
30350000 8.05839
30360000 8.05774
30370000 8.05714
30380000 8.05683
30390000 8.05685
30400000 8.05743
30410000 8.05851
30420000 8.05951
30430000 8.06055
30440000 8.06187
30450000 8.06303
30460000 8.0633
30470000 8.0632
30480000 8.06329
30490000 8.06378
30500000 8.06412
30510000 8.06432
30520000 8.06432
30530000 8.06478
30540000 8.06546
30550000 8.06665
30560000 8.06775
30570000 8.06863
30580000 8.06963
30590000 8.07017
30600000 8.07048
30610000 8.07085
30620000 8.07164
30630000 8.07253
30640000 8.07314
30650000 8.07394
30660000 8.07488
30670000 8.07552
30680000 8.07632
30690000 8.07777
30700000 8.07959
30710000 8.08047
30720000 8.08114
30730000 8.08196
30740000 8.08239
30750000 8.08306
30760000 8.08347
30770000 8.08337
30780000 8.08296
30790000 8.08237
30800000 8.08245
30810000 8.08245
30820000 8.08247
30830000 8.08225
30840000 8.08221
30850000 8.08218
30860000 8.08234
30870000 8.08235
30880000 8.08209
30890000 8.08195
30900000 8.08199
30910000 8.08211
30920000 8.08267
30930000 8.08342
30940000 8.0843
30950000 8.08503
30960000 8.08518
30970000 8.08512
30980000 8.08518
30990000 8.08536
31000000 8.08518
31010000 8.08498
31020000 8.084
31030000 8.08309
31040000 8.08197
31050000 8.08081
31060000 8.0799
31070000 8.07921
31080000 8.07851
31090000 8.07725
31100000 8.07578
31110000 8.074
31120000 8.07243
31130000 8.07106
31140000 8.06936
31150000 8.06748
31160000 8.06564
31170000 8.06368
31180000 8.06147
31190000 8.05921
31200000 8.05757
31210000 8.0561
31220000 8.0546
31230000 8.05295
31240000 8.05172
31250000 8.05059
31260000 8.04945
31270000 8.04826
31280000 8.04728
31290000 8.04632
31300000 8.04541
31310000 8.04403
31320000 8.04224
31330000 8.04014
31340000 8.03809
31350000 8.03666
31360000 8.03537
31370000 8.03429
31380000 8.03332
31390000 8.03184
31400000 8.0304
31410000 8.02931
31420000 8.02868
31430000 8.028
31440000 8.02723
31450000 8.02603
31460000 8.0248
31470000 8.02309
31480000 8.02055
31490000 8.01836
31500000 8.01674
31510000 8.01489
31520000 8.01362
31530000 8.01256
31540000 8.01174
31550000 8.01122
31560000 8.01061
31570000 8.00973
31580000 8.00928
31590000 8.00913
31600000 8.00925
31610000 8.00928
31620000 8.00935
31630000 8.00975
31640000 8.01003
31650000 8.01024
31660000 8.01067
31670000 8.01104
31680000 8.01121
31690000 8.0116
31700000 8.01213
31710000 8.01288
31720000 8.01306
31730000 8.01339
31740000 8.01362
31750000 8.01289
31760000 8.01172
31770000 8.01068
31780000 8.0093
31790000 8.00811
31800000 8.00706
31810000 8.00576
31820000 8.00446
31830000 8.00274
31840000 8.00116
31850000 7.99996
31860000 7.99867
31870000 7.99744
31880000 7.99683
31890000 7.99635
31900000 7.99603
31910000 7.99583
31920000 7.99648
31930000 7.99771
31940000 7.99854
31950000 7.99897
31960000 7.99868
31970000 7.99829
31980000 7.99759
31990000 7.99699
32000000 7.99573
32010000 7.99416
32020000 7.99291
32030000 7.99214
32040000 7.99142
32050000 7.99055
32060000 7.98942
32070000 7.98812
32080000 7.98696
32090000 7.98607
32100000 7.98492
32110000 7.98382
32120000 7.98296
32130000 7.98243
32140000 7.98178
32150000 7.98139
32160000 7.98077
32170000 7.98023
32180000 7.98057
32190000 7.98161
32200000 7.98307
32210000 7.9843
32220000 7.98478
32230000 7.9852
32240000 7.98557
32250000 7.98581
32260000 7.98595
32270000 7.98665
32280000 7.98788
32290000 7.98877
32300000 7.98942
32310000 7.99027
32320000 7.99139
32330000 7.99191
32340000 7.9923
32350000 7.99271
32360000 7.99357
32370000 7.99408
32380000 7.99463
32390000 7.99535
32400000 7.99596
32410000 7.99631
32420000 7.99661
32430000 7.99685
32440000 7.99741
32450000 7.99783
32460000 7.99834
32470000 7.99841
32480000 7.99906
32490000 7.9996
32500000 8.00006
32510000 8.00046
32520000 8.00114
32530000 8.00185
32540000 8.00236
32550000 8.00243
32560000 8.00237
32570000 8.00223
32580000 8.00229
32590000 8.00224
32600000 8.00223
32610000 8.00225
32620000 8.0024
32630000 8.00214
32640000 8.00184
32650000 8.00163
32660000 8.00177
32670000 8.00196
32680000 8.00259
32690000 8.00333
32700000 8.00363
32710000 8.00346
32720000 8.00315
32730000 8.00319
32740000 8.00299
32750000 8.0033
32760000 8.00334
32770000 8.00342
32780000 8.00325
32790000 8.00341
32800000 8.00411
32810000 8.00548
32820000 8.00658
32830000 8.00762
32840000 8.00844
32850000 8.00914
32860000 8.00999
32870000 8.01091
32880000 8.01162
32890000 8.01288
32900000 8.01465
32910000 8.01592
32920000 8.017
32930000 8.01773
32940000 8.01863
32950000 8.01971
32960000 8.02075
32970000 8.0214
32980000 8.02195
32990000 8.02252
33000000 8.02328
33010000 8.02408
33020000 8.02453
33030000 8.02451
33040000 8.0245
33050000 8.02462
33060000 8.02427
33070000 8.02395
33080000 8.02371
33090000 8.02388
33100000 8.02421
33110000 8.02449
33120000 8.02454
33130000 8.02444
33140000 8.02412
33150000 8.02333
33160000 8.02205
33170000 8.02091
33180000 8.01968
33190000 8.01848
33200000 8.01745
33210000 8.01626
33220000 8.01559
33230000 8.01496
33240000 8.01383
33250000 8.01286
33260000 8.01171
33270000 8.01121
33280000 8.01139
33290000 8.0123
33300000 8.01281
33310000 8.01301
33320000 8.01304
33330000 8.01288
33340000 8.01249
33350000 8.01232
33360000 8.01206
33370000 8.01149
33380000 8.01104
33390000 8.01123
33400000 8.01146
33410000 8.01189
33420000 8.01239
33430000 8.01295
33440000 8.0133
33450000 8.01322
33460000 8.01335
33470000 8.01383
33480000 8.01424
33490000 8.01457
33500000 8.01472
33510000 8.0151
33520000 8.01557
33530000 8.01623
33540000 8.01689
33550000 8.01771
33560000 8.01815
33570000 8.01849
33580000 8.01904
33590000 8.01946
33600000 8.01993
33610000 8.02036
33620000 8.02011
33630000 8.01968
33640000 8.01923
33650000 8.01817
33660000 8.01711
33670000 8.01611
33680000 8.01459
33690000 8.01297
33700000 8.01204
33710000 8.01163
33720000 8.01196
33730000 8.01252
33740000 8.01315
33750000 8.01402
33760000 8.01545
33770000 8.01706
33780000 8.01858
33790000 8.01971
33800000 8.02061
33810000 8.02127
33820000 8.02191
33830000 8.02216
33840000 8.0228
33850000 8.02333
33860000 8.02389
33870000 8.02514
33880000 8.02667
33890000 8.02815
33900000 8.02951
33910000 8.03002
33920000 8.03039
33930000 8.03066
33940000 8.03027
33950000 8.02983
33960000 8.02906
33970000 8.02785
33980000 8.02661
33990000 8.02591
34000000 8.02527
34010000 8.0247
34020000 8.02367
34030000 8.02267
34040000 8.02183
34050000 8.02111
34060000 8.02053
34070000 8.01954
34080000 8.01832
34090000 8.01762
34100000 8.01676
34110000 8.01549
34120000 8.01412
34130000 8.01265
34140000 8.01097
34150000 8.00956
34160000 8.00834
34170000 8.00745
34180000 8.00591
34190000 8.00442
34200000 8.00327
34210000 8.00203
34220000 8.0006
34230000 7.99903
34240000 7.9976
34250000 7.9958
34260000 7.99377
34270000 7.99183
34280000 7.99059
34290000 7.98892
34300000 7.98675
34310000 7.98468
34320000 7.98279
34330000 7.98089
34340000 7.97916
34350000 7.97807
34360000 7.97677
34370000 7.97534
34380000 7.97457
34390000 7.97491
34400000 7.97503
34410000 7.97492
34420000 7.97453
34430000 7.97427
34440000 7.97395
34450000 7.97357
34460000 7.97313
34470000 7.97279
34480000 7.97243
34490000 7.97204
34500000 7.97223
34510000 7.97192
34520000 7.97172
34530000 7.97141
34540000 7.97087
34550000 7.9701
34560000 7.96925
34570000 7.96815
34580000 7.96694
34590000 7.96572
34600000 7.96493
34610000 7.96451
34620000 7.96338
34630000 7.96193
34640000 7.9611
34650000 7.96026
34660000 7.95976
34670000 7.95972
34680000 7.95956
34690000 7.95929
34700000 7.95896
34710000 7.9587
34720000 7.95816
34730000 7.95765
34740000 7.95681
34750000 7.95598
34760000 7.95501
34770000 7.95418
34780000 7.95347
34790000 7.95233
34800000 7.95078
34810000 7.94896
34820000 7.94698
34830000 7.94484
34840000 7.94242
34850000 7.93926
34860000 7.93555
34870000 7.93198
34880000 7.92876
34890000 7.92583
34900000 7.92344
34910000 7.92156
34920000 7.92057
34930000 7.91941
34940000 7.91878
34950000 7.91791
34960000 7.91673
34970000 7.91507
34980000 7.91315
34990000 7.91139
35000000 7.90988
35010000 7.90858
35020000 7.90723
35030000 7.90582
35040000 7.90376
35050000 7.90124
35060000 7.89838
35070000 7.89536
35080000 7.8921
35090000 7.88946
35100000 7.88668
35110000 7.88394
35120000 7.88114
35130000 7.87838
35140000 7.87574
35150000 7.87324
35160000 7.87133
35170000 7.87
35180000 7.86895
35190000 7.86817
35200000 7.86739
35210000 7.86706
35220000 7.86645
35230000 7.86507
35240000 7.86408
35250000 7.8631
35260000 7.86191
35270000 7.86057
35280000 7.85852
35290000 7.85627
35300000 7.85447
35310000 7.85269
35320000 7.85114
35330000 7.84994
35340000 7.84883
35350000 7.84746
35360000 7.84637
35370000 7.84536
35380000 7.84448
35390000 7.84422
35400000 7.8439
35410000 7.84374
35420000 7.84301
35430000 7.84196
35440000 7.84146
35450000 7.84082
35460000 7.83989
35470000 7.83823
35480000 7.83644
35490000 7.835
35500000 7.83363
35510000 7.83245
35520000 7.83108
35530000 7.82916
35540000 7.82679
35550000 7.82443
35560000 7.82213
35570000 7.81974
35580000 7.81751
35590000 7.81511
35600000 7.81266
35610000 7.80982
35620000 7.80693
35630000 7.80396
35640000 7.80111
35650000 7.79755
35660000 7.79367
35670000 7.78956
35680000 7.78496
35690000 7.78038
35700000 7.776
35710000 7.77145
35720000 7.76705
35730000 7.76237
35740000 7.75753
35750000 7.75244
35760000 7.74757
35770000 7.74283
35780000 7.73804
35790000 7.73352
35800000 7.729
35810000 7.72459
35820000 7.71998
35830000 7.71536
35840000 7.71051
35850000 7.70536
35860000 7.6999
35870000 7.69429
35880000 7.6882
35890000 7.6816
35900000 7.67519
35910000 7.66933
35920000 7.66347
35930000 7.65786
35940000 7.65241
35950000 7.64723
35960000 7.64254
35970000 7.63772
35980000 7.63312
35990000 7.62851
36000000 7.62394
36010000 7.61924
36020000 7.61396
36030000 7.60842
36040000 7.60311
36050000 7.59818
36060000 7.5934
36070000 7.58946
36080000 7.58557
36090000 7.58215
36100000 7.57889
36110000 7.57512
36120000 7.57141
36130000 7.56755
36140000 7.56377
36150000 7.5598
36160000 7.55572
36170000 7.5516
36180000 7.54792
36190000 7.54437
36200000 7.53994
36210000 7.53506
36220000 7.52966
36230000 7.52432
36240000 7.51883
36250000 7.51331
36260000 7.50789
36270000 7.50328
36280000 7.49898
36290000 7.49552
36300000 7.49217
36310000 7.48817
36320000 7.48433
36330000 7.48023
36340000 7.47607
36350000 7.47202
36360000 7.46767
36370000 7.4633
36380000 7.45863
36390000 7.45417
36400000 7.44944
36410000 7.44445
36420000 7.43886
36430000 7.43344
36440000 7.42784
36450000 7.42246
36460000 7.41769
36470000 7.41285
36480000 7.40826
36490000 7.40341
36500000 7.39851
36510000 7.394
36520000 7.38913
36530000 7.38407
36540000 7.3788
36550000 7.37329
36560000 7.36798
36570000 7.36245
36580000 7.35622
36590000 7.35011
36600000 7.34403
36610000 7.33733
36620000 7.33071
36630000 7.32432
36640000 7.31872
36650000 7.31311
36660000 7.30723
36670000 7.30115
36680000 7.29494
36690000 7.28866
36700000 7.2823
36710000 7.27624
36720000 7.27013
36730000 7.26374
36740000 7.25696
36750000 7.25047
36760000 7.24493
36770000 7.2391
36780000 7.2336
36790000 7.22833
36800000 7.22308
36810000 7.21803
36820000 7.21317
36830000 7.20821
36840000 7.20306
36850000 7.19793
36860000 7.19298
36870000 7.18791
36880000 7.18275
36890000 7.17773
36900000 7.17262
36910000 7.16755
36920000 7.16306
36930000 7.15906
36940000 7.15465
36950000 7.15052
36960000 7.14695
36970000 7.14348
36980000 7.13988
36990000 7.13651
37000000 7.13355
37010000 7.13085
37020000 7.12826
37030000 7.12555
37040000 7.12378
37050000 7.12157
37060000 7.11967
37070000 7.11841
37080000 7.11734
37090000 7.11564
37100000 7.11388
37110000 7.11192
37120000 7.1103
37130000 7.10936
37140000 7.10806
37150000 7.10628
37160000 7.10383
37170000 7.10152
37180000 7.09962
37190000 7.09788
37200000 7.09592
37210000 7.09431
37220000 7.09283
37230000 7.09151
37240000 7.0906
37250000 7.08936
37260000 7.0877
37270000 7.08539
37280000 7.08246
37290000 7.07879
37300000 7.07503
37310000 7.07201
37320000 7.06959
37330000 7.06704
37340000 7.06477
37350000 7.06261
37360000 7.06062
37370000 7.05882
37380000 7.05667
37390000 7.05393
37400000 7.05113
37410000 7.04824
37420000 7.04558
37430000 7.0431
37440000 7.04067
37450000 7.03866
37460000 7.03652
37470000 7.03413
37480000 7.03157
37490000 7.02922
37500000 7.02687
37510000 7.02421
37520000 7.02097
37530000 7.01776
37540000 7.01481
37550000 7.01208
37560000 7.00985
37570000 7.00793
37580000 7.00631
37590000 7.00544
37600000 7.00437
37610000 7.00351
37620000 7.00243
37630000 7.00105
37640000 6.9994
37650000 6.9978
37660000 6.99668
37670000 6.99535
37680000 6.99399
37690000 6.99298
37700000 6.99209
37710000 6.99124
37720000 6.99009
37730000 6.98872
37740000 6.98746
37750000 6.98582
37760000 6.98412
37770000 6.98213
37780000 6.97994
37790000 6.97774
37800000 6.97506
37810000 6.97207
37820000 6.9689
37830000 6.96569
37840000 6.96245
37850000 6.95949
37860000 6.95686
37870000 6.95451
37880000 6.95286
37890000 6.95177
37900000 6.95114
37910000 6.95009
37920000 6.94879
37930000 6.94699
37940000 6.94526
37950000 6.94426
37960000 6.94343
37970000 6.94243
37980000 6.94162
37990000 6.94069
38000000 6.93979
38010000 6.9385
38020000 6.93733
38030000 6.93561
38040000 6.93341
38050000 6.93086
38060000 6.9278
38070000 6.925
38080000 6.92229
38090000 6.91972
38100000 6.91696
38110000 6.91476
38120000 6.91281
38130000 6.91091
38140000 6.90938
38150000 6.90798
38160000 6.90646
38170000 6.90547
38180000 6.90404
38190000 6.9027
38200000 6.90136
38210000 6.89949
38220000 6.89724
38230000 6.89543
38240000 6.89374
38250000 6.89235
38260000 6.89124
38270000 6.88996
38280000 6.88887
38290000 6.88738
38300000 6.88615
38310000 6.8851
38320000 6.88421
38330000 6.88392
38340000 6.88358
38350000 6.88283
38360000 6.88218
38370000 6.88149
38380000 6.88083
38390000 6.88
38400000 6.87921
38410000 6.87868
38420000 6.87881
38430000 6.87918
38440000 6.87903
38450000 6.8786
38460000 6.87802
38470000 6.87769
38480000 6.87719
38490000 6.87691
38500000 6.87691
38510000 6.87727
38520000 6.87762
38530000 6.87755
38540000 6.87775
38550000 6.8783
38560000 6.87895
38570000 6.88004
38580000 6.88114
38590000 6.88249
38600000 6.88358
38610000 6.88442
38620000 6.88568
38630000 6.88698
38640000 6.88783
38650000 6.88849
38660000 6.88861
38670000 6.88941
38680000 6.89001
38690000 6.89083
38700000 6.89119
38710000 6.89135
38720000 6.89156
38730000 6.89146
38740000 6.89143
38750000 6.89149
38760000 6.89165
38770000 6.89193
38780000 6.89243
38790000 6.89338
38800000 6.89439
38810000 6.89526
38820000 6.89619
38830000 6.89717
38840000 6.8981
38850000 6.89969
38860000 6.90113
38870000 6.90272
38880000 6.90361
38890000 6.90417
38900000 6.90456
38910000 6.90527
38920000 6.90605
38930000 6.90689
38940000 6.90745
38950000 6.9086
38960000 6.90994
38970000 6.91147
38980000 6.91314
38990000 6.91431
39000000 6.91544
39010000 6.9167
39020000 6.9183
39030000 6.92001
39040000 6.92214
39050000 6.9247
39060000 6.92735
39070000 6.9299
39080000 6.93253
39090000 6.935
39100000 6.93719
39110000 6.93904
39120000 6.94076
39130000 6.9426
39140000 6.94447
39150000 6.94612
39160000 6.94704
39170000 6.94721
39180000 6.94723
39190000 6.94719
39200000 6.94707
39210000 6.94676
39220000 6.9465
39230000 6.94622
39240000 6.94554
39250000 6.9449
39260000 6.94436
39270000 6.94396
39280000 6.94337
39290000 6.94269
39300000 6.94215
39310000 6.94178
39320000 6.94171
39330000 6.94139
39340000 6.94061
39350000 6.94003
39360000 6.93962
39370000 6.93884
39380000 6.93813
39390000 6.93749
39400000 6.93697
39410000 6.93647
39420000 6.93567
39430000 6.93422
39440000 6.93287
39450000 6.93143
39460000 6.93006
39470000 6.92851
39480000 6.92751
39490000 6.9266
39500000 6.9256
39510000 6.92461
39520000 6.92363
39530000 6.92275
39540000 6.92205
39550000 6.92194
39560000 6.92161
39570000 6.92153
39580000 6.92176
39590000 6.92193
39600000 6.92197
39610000 6.92198
39620000 6.92203
39630000 6.92211
39640000 6.92203
39650000 6.9215
39660000 6.92095
39670000 6.92036
39680000 6.91948
39690000 6.91883
39700000 6.9184
39710000 6.91786
39720000 6.9172
39730000 6.91661
39740000 6.91619
39750000 6.91539
39760000 6.91481
39770000 6.91425
39780000 6.91362
39790000 6.91331
39800000 6.91337
39810000 6.91382
39820000 6.91429
39830000 6.91483
39840000 6.91542
39850000 6.91576
39860000 6.91672
39870000 6.91801
39880000 6.91956
39890000 6.92145
39900000 6.92321
39910000 6.92505
39920000 6.92656
39930000 6.92803
39940000 6.92959
39950000 6.93105
39960000 6.93286
39970000 6.93472
39980000 6.9369
39990000 6.93907
40000000 6.94135
40010000 6.94368
40020000 6.94583
40030000 6.94793
40040000 6.94966
40050000 6.95098
40060000 6.95196
40070000 6.95242
40080000 6.95335
40090000 6.95384
40100000 6.95432
40110000 6.95484
40120000 6.95544
40130000 6.95607
40140000 6.95655
40150000 6.9572
40160000 6.95763
40170000 6.95793
40180000 6.95822
40190000 6.95881
40200000 6.95923
40210000 6.95949
40220000 6.96011
40230000 6.96083
40240000 6.96149
40250000 6.96216
40260000 6.96293
40270000 6.96377
40280000 6.96383
40290000 6.96464
40300000 6.96588
40310000 6.96661
40320000 6.96701
40330000 6.96752
40340000 6.96814
40350000 6.96893
40360000 6.96974
40370000 6.97036
40380000 6.97057
40390000 6.97092
40400000 6.97095
40410000 6.97074
40420000 6.97029
40430000 6.97001
40440000 6.9696
40450000 6.96908
40460000 6.96872
40470000 6.9683
40480000 6.96792
40490000 6.96725
40500000 6.96633
40510000 6.96576
40520000 6.96563
40530000 6.96521
40540000 6.96489
40550000 6.9644
40560000 6.96348
40570000 6.96246
40580000 6.96153
40590000 6.96114
40600000 6.96097
40610000 6.96078
40620000 6.96081
40630000 6.96148
40640000 6.96224
40650000 6.96293
40660000 6.96361
40670000 6.96392
40680000 6.96394
40690000 6.96365
40700000 6.96313
40710000 6.96309
40720000 6.96305
40730000 6.96218
40740000 6.96152
40750000 6.96068
40760000 6.95998
40770000 6.95968
40780000 6.96
40790000 6.96103
40800000 6.96197
40810000 6.9633
40820000 6.96465
40830000 6.96614
40840000 6.96772
40850000 6.9693
40860000 6.97017
40870000 6.97069
40880000 6.97139
40890000 6.97219
40900000 6.97313
40910000 6.97416
40920000 6.97562
40930000 6.97701
40940000 6.97818
40950000 6.9789
40960000 6.97982
40970000 6.98087
40980000 6.98226
40990000 6.98391
41000000 6.98554
41010000 6.98693
41020000 6.98841
41030000 6.98989
41040000 6.99123
41050000 6.99244
41060000 6.99303
41070000 6.99322
41080000 6.99332
41090000 6.99309
41100000 6.9928
41110000 6.99287
41120000 6.99329
41130000 6.9938
41140000 6.99492
41150000 6.99602
41160000 6.99706
41170000 6.99788
41180000 6.99896
41190000 7.00039
41200000 7.00226
41210000 7.00425
41220000 7.00633
41230000 7.0084
41240000 7.00997
41250000 7.01164
41260000 7.0135
41270000 7.0155
41280000 7.01695
41290000 7.01881
41300000 7.02083
41310000 7.02325
41320000 7.0262
41330000 7.02927
41340000 7.03129
41350000 7.03256
41360000 7.03361
41370000 7.03458
41380000 7.03616
41390000 7.03788
41400000 7.03959
41410000 7.04097
41420000 7.04131
41430000 7.04161
41440000 7.04177
41450000 7.04254
41460000 7.04342
41470000 7.04446
41480000 7.0459
41490000 7.04748
41500000 7.04867
41510000 7.05016
41520000 7.0519
41530000 7.05361
41540000 7.05577
41550000 7.05775
41560000 7.0593
41570000 7.06071
41580000 7.06157
41590000 7.06233
41600000 7.06323
41610000 7.06431
41620000 7.0649
41630000 7.06514
41640000 7.06556
41650000 7.0658
41660000 7.06587
41670000 7.066
41680000 7.0663
41690000 7.06662
41700000 7.0669
41710000 7.06674
41720000 7.06707
41730000 7.06722
41740000 7.0673
41750000 7.06788
41760000 7.0687
41770000 7.06934
41780000 7.06989
41790000 7.07029
41800000 7.07029
41810000 7.07
41820000 7.0695
41830000 7.06947
41840000 7.06963
41850000 7.06972
41860000 7.06993
41870000 7.0705
41880000 7.07072
41890000 7.07091
41900000 7.07091
41910000 7.07123
41920000 7.07064
41930000 7.06959
41940000 7.06886
41950000 7.06848
41960000 7.06826
41970000 7.0681
41980000 7.06826
41990000 7.06839
42000000 7.0687
42010000 7.06902
42020000 7.06904
42030000 7.06929
42040000 7.06943
42050000 7.06996
42060000 7.0705
42070000 7.07081
42080000 7.07097
42090000 7.07095
42100000 7.07084
42110000 7.0704
42120000 7.06998
42130000 7.06973
42140000 7.06971
42150000 7.06982
42160000 7.0701
42170000 7.07021
42180000 7.06988
42190000 7.06899
42200000 7.06777
42210000 7.06644
42220000 7.06539
42230000 7.06452
42240000 7.06385
42250000 7.06344
42260000 7.0631
42270000 7.06278
42280000 7.06219
42290000 7.06204
42300000 7.06183
42310000 7.06127
42320000 7.06068
42330000 7.06058
42340000 7.06119
42350000 7.06169
42360000 7.06151
42370000 7.06183
42380000 7.06247
42390000 7.06309
42400000 7.06424
42410000 7.06551
42420000 7.0669
42430000 7.06847
42440000 7.0697
42450000 7.07034
42460000 7.071
42470000 7.07178
42480000 7.07225
42490000 7.07315
42500000 7.07439
42510000 7.07605
42520000 7.07778
42530000 7.07935
42540000 7.08107
42550000 7.08322
42560000 7.08567
42570000 7.08843
42580000 7.09128
42590000 7.09357
42600000 7.09605
42610000 7.09886
42620000 7.10158
42630000 7.10434
42640000 7.1076
42650000 7.11073
42660000 7.11386
42670000 7.11738
42680000 7.1206
42690000 7.12388
42700000 7.12689
42710000 7.12969
42720000 7.13228
42730000 7.13468
42740000 7.13738
42750000 7.13966
42760000 7.14234
42770000 7.14476
42780000 7.14705
42790000 7.14931
42800000 7.15137
42810000 7.15317
42820000 7.15517
42830000 7.15701
42840000 7.15915
42850000 7.16136
42860000 7.16342
42870000 7.16539
42880000 7.16771
42890000 7.16951
42900000 7.17084
42910000 7.17256
42920000 7.17451
42930000 7.17665
42940000 7.17849
42950000 7.18003
42960000 7.1816
42970000 7.18347
42980000 7.18509
42990000 7.18708
43000000 7.18925
43010000 7.1909
43020000 7.19255
43030000 7.19462
43040000 7.19713
43050000 7.19916
43060000 7.20136
43070000 7.20394
43080000 7.20689
43090000 7.20963
43100000 7.212
43110000 7.21392
43120000 7.21596
43130000 7.2182
43140000 7.21985
43150000 7.22139
43160000 7.22344
43170000 7.22502
43180000 7.22687
43190000 7.22895
43200000 7.23122
43210000 7.23346
43220000 7.23557
43230000 7.23805
43240000 7.2406
43250000 7.24274
43260000 7.24465
43270000 7.24618
43280000 7.24715
43290000 7.24782
43300000 7.24909
43310000 7.25072
43320000 7.25264
43330000 7.25443
43340000 7.25652
43350000 7.25869
43360000 7.26098
43370000 7.26279
43380000 7.26411
43390000 7.26498
43400000 7.2661
43410000 7.26712
43420000 7.2682
43430000 7.26921
43440000 7.27037
43450000 7.27131
43460000 7.27184
43470000 7.27222
43480000 7.2721
43490000 7.27174
43500000 7.27092
43510000 7.26951
43520000 7.2678
43530000 7.26645
43540000 7.26522
43550000 7.26405
43560000 7.26295
43570000 7.26207
43580000 7.26121
43590000 7.25999
43600000 7.25887
43610000 7.25833
43620000 7.25825
43630000 7.25849
43640000 7.25835
43650000 7.25821
43660000 7.25803
43670000 7.2583
43680000 7.25903
43690000 7.26009
43700000 7.26118
43710000 7.262
43720000 7.26224
43730000 7.26214
43740000 7.26168
43750000 7.26106
43760000 7.25991
43770000 7.25903
43780000 7.25824
43790000 7.25778
43800000 7.25728
43810000 7.25677
43820000 7.25607
43830000 7.2553
43840000 7.25457
43850000 7.25388
43860000 7.25325
43870000 7.25254
43880000 7.25171
43890000 7.25032
43900000 7.24898
43910000 7.24775
43920000 7.247
43930000 7.24616
43940000 7.24549
43950000 7.24496
43960000 7.24495
43970000 7.24516
43980000 7.24523
43990000 7.24488
44000000 7.24429
44010000 7.24372
44020000 7.24384
44030000 7.2439
44040000 7.24329
44050000 7.24258
44060000 7.24162
44070000 7.24108
44080000 7.24029
44090000 7.239
44100000 7.23754
44110000 7.23648
44120000 7.23569
44130000 7.23526
44140000 7.23548
44150000 7.23566
44160000 7.23594
44170000 7.23583
44180000 7.23631
44190000 7.23646
44200000 7.23616
44210000 7.23557
44220000 7.2352
44230000 7.23516
44240000 7.23508
44250000 7.23578
44260000 7.23639
44270000 7.23679
44280000 7.23702
44290000 7.23749
44300000 7.23852
44310000 7.23912
44320000 7.23969
44330000 7.24035
44340000 7.24095
44350000 7.24131
44360000 7.24177
44370000 7.24271
44380000 7.24342
44390000 7.24327
44400000 7.24271
44410000 7.24203
44420000 7.24157
44430000 7.24133
44440000 7.24121
44450000 7.24092
44460000 7.24077
44470000 7.2409
44480000 7.24178
44490000 7.24242
44500000 7.24271
44510000 7.24357
44520000 7.24428
44530000 7.24541
44540000 7.24695
44550000 7.24875
44560000 7.25062
44570000 7.25232
44580000 7.25363
44590000 7.25511
44600000 7.25638
44610000 7.25734
44620000 7.2585
44630000 7.25997
44640000 7.26097
44650000 7.26182
44660000 7.26274
44670000 7.26349
44680000 7.26488
44690000 7.26635
44700000 7.26808
44710000 7.26962
44720000 7.27118
44730000 7.27324
44740000 7.27569
44750000 7.27804
44760000 7.28025
44770000 7.28196
44780000 7.28314
44790000 7.28438
44800000 7.28526
44810000 7.28538
44820000 7.28527
44830000 7.28593
44840000 7.2868
44850000 7.28806
44860000 7.28976
44870000 7.29131
44880000 7.29279
44890000 7.29414
44900000 7.29495
44910000 7.29556
44920000 7.29563
44930000 7.29558
44940000 7.29507
44950000 7.29461
44960000 7.29395
44970000 7.29348
44980000 7.29313
44990000 7.293
45000000 7.29353
45010000 7.29434
45020000 7.29485
45030000 7.29532
45040000 7.29594
45050000 7.29679
45060000 7.29797
45070000 7.29934
45080000 7.30097
45090000 7.30198
45100000 7.30301
45110000 7.30368
45120000 7.3043
45130000 7.3045
45140000 7.3044
45150000 7.30451
45160000 7.30457
45170000 7.30468
45180000 7.30488
45190000 7.30491
45200000 7.30503
45210000 7.30501
45220000 7.3052
45230000 7.30616
45240000 7.30686
45250000 7.30731
45260000 7.30795
45270000 7.30845
45280000 7.3097
45290000 7.3108
45300000 7.31156
45310000 7.31249
45320000 7.31318
45330000 7.31307
45340000 7.31256
45350000 7.312
45360000 7.31117
45370000 7.31004
45380000 7.3088
45390000 7.30718
45400000 7.30544
45410000 7.30322
45420000 7.30121
45430000 7.29887
45440000 7.29612
45450000 7.29383
45460000 7.29167
45470000 7.28984
45480000 7.28756
45490000 7.28508
45500000 7.28316
45510000 7.28136
45520000 7.27966
45530000 7.27805
45540000 7.27655
45550000 7.2753
45560000 7.27428
45570000 7.27333
45580000 7.2724
45590000 7.2718
45600000 7.27193
45610000 7.2723
45620000 7.27293
45630000 7.27336
45640000 7.27364
45650000 7.27385
45660000 7.27393
45670000 7.27352
45680000 7.27305
45690000 7.2724
45700000 7.27216
45710000 7.27167
45720000 7.27046
45730000 7.26891
45740000 7.26736
45750000 7.26587
45760000 7.26413
45770000 7.26196
45780000 7.25983
45790000 7.25769
45800000 7.25551
45810000 7.25345
45820000 7.25162
45830000 7.25
45840000 7.24905
45850000 7.24822
45860000 7.24737
45870000 7.24623
45880000 7.24531
45890000 7.24484
45900000 7.24469
45910000 7.24424
45920000 7.24412
45930000 7.24399
45940000 7.2435
45950000 7.24302
45960000 7.24247
45970000 7.24203
45980000 7.2414
45990000 7.24037
46000000 7.23933
46010000 7.23813
46020000 7.23744
46030000 7.23753
46040000 7.23745
46050000 7.23682
46060000 7.23579
46070000 7.23412
46080000 7.23201
46090000 7.22975
46100000 7.22766
46110000 7.22572
46120000 7.2236
46130000 7.22179
46140000 7.2197
46150000 7.21766
46160000 7.21605
46170000 7.21485
46180000 7.21363
46190000 7.21244
46200000 7.21123
46210000 7.21066
46220000 7.21054
46230000 7.21072
46240000 7.21097
46250000 7.21072
46260000 7.21024
46270000 7.20873
46280000 7.20667
46290000 7.20425
46300000 7.20168
46310000 7.19952
46320000 7.19756
46330000 7.19631
46340000 7.19536
46350000 7.1946
46360000 7.19426
46370000 7.19398
46380000 7.19395
46390000 7.19384
46400000 7.19421
46410000 7.19467
46420000 7.1954
46430000 7.19576
46440000 7.19631
46450000 7.19667
46460000 7.19703
46470000 7.19716
46480000 7.19677
46490000 7.19611
46500000 7.19563
46510000 7.19524
46520000 7.19501
46530000 7.19446
46540000 7.19373
46550000 7.19246
46560000 7.19078
46570000 7.18913
46580000 7.18774
46590000 7.18622
46600000 7.18442
46610000 7.18283
46620000 7.1813
46630000 7.18019
46640000 7.17907
46650000 7.17806
46660000 7.17718
46670000 7.17654
46680000 7.17628
46690000 7.17611
46700000 7.17571
46710000 7.17504
46720000 7.17474
46730000 7.17474
46740000 7.17453
46750000 7.17423
46760000 7.17348
46770000 7.17287
46780000 7.17212
46790000 7.17092
46800000 7.16982
46810000 7.16874
46820000 7.16745
46830000 7.16612
46840000 7.16495
46850000 7.16371
46860000 7.16261
46870000 7.16164
46880000 7.16046
46890000 7.16008
46900000 7.15983
46910000 7.15981
46920000 7.15941
46930000 7.15822
46940000 7.15751
46950000 7.15695
46960000 7.15647
46970000 7.15596
46980000 7.15548
46990000 7.15512
47000000 7.15464
47010000 7.15351
47020000 7.15239
47030000 7.15075
47040000 7.14833
47050000 7.14605
47060000 7.1436
47070000 7.14123
47080000 7.13868
47090000 7.13674
47100000 7.13509
47110000 7.13369
47120000 7.13171
47130000 7.12974
47140000 7.12799
47150000 7.12649
47160000 7.12566
47170000 7.12519
47180000 7.12435
47190000 7.12309
47200000 7.12209
47210000 7.12116
47220000 7.12014
47230000 7.1191
47240000 7.11792
47250000 7.11668
47260000 7.11538
47270000 7.1145
47280000 7.11408
47290000 7.1131
47300000 7.11131
47310000 7.10887
47320000 7.1062
47330000 7.10413
47340000 7.1023
47350000 7.10073
47360000 7.0991
47370000 7.09731
47380000 7.09548
47390000 7.09381
47400000 7.09175
47410000 7.08984
47420000 7.08867
47430000 7.08757
47440000 7.08648
47450000 7.08538
47460000 7.08424
47470000 7.08349
47480000 7.0831
47490000 7.08227
47500000 7.08145
47510000 7.08096
47520000 7.08119
47530000 7.08153
47540000 7.08179
47550000 7.08204
47560000 7.08192
47570000 7.08181
47580000 7.08146
47590000 7.08056
47600000 7.0795
47610000 7.07797
47620000 7.07624
47630000 7.07448
47640000 7.07313
47650000 7.07185
47660000 7.07056
47670000 7.06927
47680000 7.06793
47690000 7.06667
47700000 7.06544
47710000 7.06481
47720000 7.06426
47730000 7.06385
47740000 7.06345
47750000 7.06318
47760000 7.06307
47770000 7.06303
47780000 7.06338
47790000 7.06357
47800000 7.06376
47810000 7.06383
47820000 7.06397
47830000 7.06484
47840000 7.0661
47850000 7.06728
47860000 7.06838
47870000 7.0695
47880000 7.07066
47890000 7.07173
47900000 7.07274
47910000 7.0736
47920000 7.07397
47930000 7.07449
47940000 7.0754
47950000 7.07637
47960000 7.07688
47970000 7.07734
47980000 7.07786
47990000 7.0786
48000000 7.07887
48010000 7.07903
48020000 7.07948
48030000 7.08022
48040000 7.08102
48050000 7.08188
48060000 7.08275
48070000 7.08329
48080000 7.08396
48090000 7.08494
48100000 7.08616
48110000 7.08656
48120000 7.08657
48130000 7.08647
48140000 7.0864
48150000 7.08628
48160000 7.08627
48170000 7.08659
48180000 7.08709
48190000 7.08756
48200000 7.0882
48210000 7.08888
48220000 7.09021
48230000 7.09124
48240000 7.09223
48250000 7.09321
48260000 7.09392
48270000 7.09504
48280000 7.09575
48290000 7.09682
48300000 7.09711
48310000 7.09746
48320000 7.098
48330000 7.0985
48340000 7.09909
48350000 7.09999
48360000 7.10075
48370000 7.1015
48380000 7.10253
48390000 7.1034
48400000 7.104
48410000 7.10438
48420000 7.10408
48430000 7.1032
48440000 7.10199
48450000 7.10095
48460000 7.09999
48470000 7.09893
48480000 7.09826
48490000 7.09706
48500000 7.09557
48510000 7.09371
48520000 7.09167
48530000 7.08999
48540000 7.0881
48550000 7.08592
48560000 7.08347
48570000 7.0807
48580000 7.07806
48590000 7.07548
48600000 7.07293
48610000 7.07025
48620000 7.06728
48630000 7.06414
48640000 7.06139
48650000 7.05919
48660000 7.0576
48670000 7.05619
48680000 7.05478
48690000 7.05304
48700000 7.05158
48710000 7.05005
48720000 7.04846
48730000 7.04717
48740000 7.04578
48750000 7.04429
48760000 7.04235
48770000 7.04115
48780000 7.03962
48790000 7.03799
48800000 7.03585
48810000 7.03385
48820000 7.03181
48830000 7.02981
48840000 7.02798
48850000 7.02577
48860000 7.02338
48870000 7.02067
48880000 7.01874
48890000 7.01641
48900000 7.01422
48910000 7.01198
48920000 7.00971
48930000 7.00722
48940000 7.00454
48950000 7.00158
48960000 6.99871
48970000 6.99603
48980000 6.99356
48990000 6.9914
49000000 6.98908
49010000 6.98588
49020000 6.98216
49030000 6.97843
49040000 6.97514
49050000 6.97175
49060000 6.96836
49070000 6.96499
49080000 6.96179
49090000 6.9589
49100000 6.95676
49110000 6.955
49120000 6.95303
49130000 6.95096
49140000 6.94909
49150000 6.94731
49160000 6.94592
49170000 6.94496
49180000 6.94418
49190000 6.94331
49200000 6.94264
49210000 6.94246
49220000 6.94256
49230000 6.94302
49240000 6.94374
49250000 6.94425
49260000 6.94457
49270000 6.94519
49280000 6.94612
49290000 6.94722
49300000 6.94767
49310000 6.94816
49320000 6.94838
49330000 6.94872
49340000 6.94919
49350000 6.94982
49360000 6.95055
49370000 6.95125
49380000 6.95195
49390000 6.95251
49400000 6.953
49410000 6.95324
49420000 6.9535
49430000 6.95388
49440000 6.95378
49450000 6.95376
49460000 6.9539
49470000 6.95412
49480000 6.95383
49490000 6.95363
49500000 6.95374
49510000 6.95379
49520000 6.95401
49530000 6.95421
49540000 6.95417
49550000 6.95373
49560000 6.95333
49570000 6.95318
49580000 6.95308
49590000 6.95283
49600000 6.95288
49610000 6.9528
49620000 6.95251
49630000 6.95211
49640000 6.95178
49650000 6.95171
49660000 6.95195
49670000 6.95212
49680000 6.95266
49690000 6.95305
49700000 6.95335
49710000 6.95391
49720000 6.95464
49730000 6.95517
49740000 6.95556
49750000 6.95618
49760000 6.95686
49770000 6.95771
49780000 6.95854
49790000 6.95922
49800000 6.95991
49810000 6.96024
49820000 6.96031
49830000 6.96028
49840000 6.96103
49850000 6.96224
49860000 6.96326
49870000 6.96394
49880000 6.96448
49890000 6.96457
49900000 6.96443
49910000 6.96435
49920000 6.9646
49930000 6.96489
49940000 6.96506
49950000 6.96542
49960000 6.96595
49970000 6.96679
49980000 6.96747
49990000 6.9689
50000000 6.97068
