# Time-averaged data for fix aveRg
# TimeStep c_Rg
10000 4.2289
20000 3.99041
30000 3.81962
40000 3.67317
50000 3.52528
60000 3.31548
70000 3.10993
80000 2.99092
90000 2.95895
100000 2.98706
110000 2.97716
120000 2.95635
130000 2.92737
140000 2.90715
150000 2.89615
160000 2.90562
170000 2.90014
180000 2.8969
190000 2.86735
200000 2.87651
210000 2.85819
220000 2.83706
230000 2.83049
240000 2.81014
250000 2.81532
260000 2.82263
270000 2.82422
280000 2.83188
290000 2.8394
300000 2.82079
310000 2.81048
320000 2.79917
330000 2.78395
340000 2.77228
350000 2.76632
360000 2.76636
370000 2.76421
380000 2.75219
390000 2.748
400000 2.73037
410000 2.71259
420000 2.69723
430000 2.6787
440000 2.66765
450000 2.65733
460000 2.65682
470000 2.66615
480000 2.6698
490000 2.66874
500000 2.66705
510000 2.66807
520000 2.66764
530000 2.6755
540000 2.67443
550000 2.68029
560000 2.67879
570000 2.67329
580000 2.66287
590000 2.65208
600000 2.64508
610000 2.64665
620000 2.65067
630000 2.65575
640000 2.66077
650000 2.66042
660000 2.66397
670000 2.65941
680000 2.65547
690000 2.65096
700000 2.64902
710000 2.64967
720000 2.64661
730000 2.64118
740000 2.63527
750000 2.62711
760000 2.63182
770000 2.63945
780000 2.65131
790000 2.65906
800000 2.6638
810000 2.66174
820000 2.65554
830000 2.65526
840000 2.65187
850000 2.64703
860000 2.64182
870000 2.63458
880000 2.62976
890000 2.63283
900000 2.64035
910000 2.64166
920000 2.6403
930000 2.63621
940000 2.64098
950000 2.64713
960000 2.65397
970000 2.6559
980000 2.65827
990000 2.6579
1000000 2.65813
1010000 2.65527
1020000 2.6518
1030000 2.648
1040000 2.64712
1050000 2.65197
1060000 2.65686
1070000 2.66135
1080000 2.66528
1090000 2.66492
1100000 2.65977
1110000 2.6552
1120000 2.65237
1130000 2.65044
1140000 2.65184
1150000 2.65212
1160000 2.6504
1170000 2.65052
1180000 2.65505
1190000 2.66005
1200000 2.66396
1210000 2.66616
1220000 2.66701
1230000 2.66601
1240000 2.66689
1250000 2.6725
1260000 2.67465
1270000 2.68012
1280000 2.68219
1290000 2.68661
1300000 2.69165
1310000 2.69333
1320000 2.69423
1330000 2.69329
1340000 2.69461
1350000 2.69585
1360000 2.69715
1370000 2.69455
1380000 2.69337
1390000 2.69384
1400000 2.695
1410000 2.69682
1420000 2.69648
1430000 2.69657
1440000 2.69598
1450000 2.69236
1460000 2.6884
1470000 2.68653
1480000 2.68628
1490000 2.6831
1500000 2.68397
1510000 2.68126
1520000 2.67746
1530000 2.67919
1540000 2.67943
1550000 2.67683
1560000 2.67337
1570000 2.67105
1580000 2.66924
1590000 2.66648
1600000 2.66302
1610000 2.6594
1620000 2.65934
1630000 2.65792
1640000 2.65828
1650000 2.66013
1660000 2.65785
1670000 2.65458
1680000 2.65331
1690000 2.65385
1700000 2.65432
1710000 2.65302
1720000 2.65025
1730000 2.65075
1740000 2.65499
1750000 2.65798
1760000 2.65868
1770000 2.65668
1780000 2.6541
1790000 2.65586
1800000 2.65767
1810000 2.65942
1820000 2.6621
1830000 2.66069
1840000 2.65797
1850000 2.65337
1860000 2.65022
1870000 2.64715
1880000 2.64386
1890000 2.64431
1900000 2.64347
1910000 2.64252
1920000 2.64051
1930000 2.63757
1940000 2.63506
1950000 2.63381
1960000 2.6321
1970000 2.62929
1980000 2.62778
1990000 2.62694
2000000 2.62844
2010000 2.62924
2020000 2.63
2030000 2.62966
2040000 2.62865
2050000 2.62827
2060000 2.62809
2070000 2.62741
2080000 2.62913
2090000 2.6306
2100000 2.63074
2110000 2.62954
2120000 2.62801
2130000 2.62901
2140000 2.62988
2150000 2.6272
2160000 2.62657
2170000 2.62471
2180000 2.62399
2190000 2.62312
2200000 2.62243
2210000 2.62279
2220000 2.62234
2230000 2.62178
2240000 2.6196
2250000 2.61739
2260000 2.61553
2270000 2.6142
2280000 2.61321
2290000 2.61254
2300000 2.61435
2310000 2.61588
2320000 2.61611
2330000 2.61874
2340000 2.62038
2350000 2.62246
2360000 2.62319
2370000 2.62311
2380000 2.6231
2390000 2.62295
2400000 2.62451
2410000 2.62328
2420000 2.62206
2430000 2.62225
2440000 2.62125
2450000 2.61951
2460000 2.61779
2470000 2.61711
2480000 2.61893
2490000 2.61986
2500000 2.61918
2510000 2.61814
2520000 2.61659
2530000 2.61527
2540000 2.61364
2550000 2.6129
2560000 2.61442
2570000 2.61882
2580000 2.62073
2590000 2.62008
2600000 2.61899
2610000 2.61891
2620000 2.6193
2630000 2.62073
2640000 2.62173
2650000 2.62274
2660000 2.62362
2670000 2.62276
2680000 2.62263
2690000 2.6219
2700000 2.62136
2710000 2.62317
2720000 2.62406
2730000 2.62443
2740000 2.62402
2750000 2.62397
2760000 2.62487
2770000 2.62645
2780000 2.62745
2790000 2.62648
2800000 2.62493
2810000 2.62456
2820000 2.62346
2830000 2.62327
2840000 2.62316
2850000 2.62356
2860000 2.62208
2870000 2.62141
2880000 2.62294
2890000 2.62436
2900000 2.6253
2910000 2.62594
2920000 2.62678
2930000 2.62789
2940000 2.62721
2950000 2.62648
2960000 2.62617
2970000 2.62713
2980000 2.62822
2990000 2.62803
3000000 2.62754
3010000 2.62677
3020000 2.62603
3030000 2.62521
3040000 2.6234
3050000 2.62124
3060000 2.61864
3070000 2.61683
3080000 2.61454
3090000 2.6125
3100000 2.6109
3110000 2.60969
3120000 2.60932
3130000 2.60851
3140000 2.60722
3150000 2.60667
3160000 2.60681
3170000 2.60752
3180000 2.60707
3190000 2.60541
3200000 2.60526
3210000 2.60517
3220000 2.6051
3230000 2.60614
3240000 2.60658
3250000 2.60684
3260000 2.6058
3270000 2.60452
3280000 2.60285
3290000 2.60094
3300000 2.5994
3310000 2.59893
3320000 2.59828
3330000 2.59761
3340000 2.59788
3350000 2.59786
3360000 2.59832
3370000 2.60084
3380000 2.60235
3390000 2.60248
3400000 2.60302
3410000 2.60383
3420000 2.60439
3430000 2.60471
3440000 2.60565
3450000 2.60588
3460000 2.60698
3470000 2.60888
3480000 2.61134
3490000 2.61188
3500000 2.61242
3510000 2.61149
3520000 2.60973
3530000 2.60886
3540000 2.60864
3550000 2.60815
3560000 2.60721
3570000 2.60581
3580000 2.60447
3590000 2.60311
3600000 2.60229
3610000 2.60182
3620000 2.60175
3630000 2.60166
3640000 2.60121
3650000 2.60051
3660000 2.6
3670000 2.60001
3680000 2.60036
3690000 2.60013
3700000 2.59939
3710000 2.59933
3720000 2.59978
3730000 2.60049
3740000 2.60175
3750000 2.60348
3760000 2.60419
3770000 2.60558
3780000 2.60441
3790000 2.60333
3800000 2.60211
3810000 2.6013
3820000 2.60009
3830000 2.59889
3840000 2.59711
3850000 2.59543
3860000 2.59442
3870000 2.5938
3880000 2.59226
3890000 2.59073
3900000 2.5895
3910000 2.58898
3920000 2.58934
3930000 2.58984
3940000 2.59019
3950000 2.58976
3960000 2.58915
3970000 2.5884
3980000 2.58824
3990000 2.58768
4000000 2.58784
4010000 2.58845
4020000 2.58828
4030000 2.58755
4040000 2.58704
4050000 2.58713
4060000 2.58582
4070000 2.58438
4080000 2.58304
4090000 2.58172
4100000 2.58108
4110000 2.58189
4120000 2.58178
4130000 2.58283
4140000 2.5839
4150000 2.58546
4160000 2.58696
4170000 2.58939
4180000 2.59031
4190000 2.59087
4200000 2.59119
4210000 2.59049
4220000 2.5889
4230000 2.58778
4240000 2.58667
4250000 2.586
4260000 2.58561
4270000 2.58543
4280000 2.58723
4290000 2.58819
4300000 2.58954
4310000 2.59127
4320000 2.59261
4330000 2.59312
4340000 2.59445
4350000 2.59582
4360000 2.59684
4370000 2.5982
4380000 2.59823
4390000 2.59797
4400000 2.59734
4410000 2.59774
4420000 2.59687
4430000 2.5953
4440000 2.59436
4450000 2.59336
4460000 2.59303
4470000 2.59211
4480000 2.59089
4490000 2.59016
4500000 2.58912
4510000 2.58808
4520000 2.58813
4530000 2.58933
4540000 2.59022
4550000 2.59059
4560000 2.59026
4570000 2.59009
4580000 2.59006
4590000 2.58998
4600000 2.58931
4610000 2.58926
4620000 2.58845
4630000 2.58743
4640000 2.58673
4650000 2.5873
4660000 2.58818
4670000 2.58838
4680000 2.58926
4690000 2.58907
4700000 2.58912
4710000 2.5891
4720000 2.58881
4730000 2.58824
4740000 2.58758
4750000 2.58796
4760000 2.58828
4770000 2.5897
4780000 2.5904
4790000 2.59042
4800000 2.59054
4810000 2.59135
4820000 2.59169
4830000 2.59107
4840000 2.59123
4850000 2.59211
4860000 2.59301
4870000 2.59378
4880000 2.59417
4890000 2.59363
4900000 2.59239
4910000 2.59144
4920000 2.59046
4930000 2.59002
4940000 2.5893
4950000 2.58898
4960000 2.58978
4970000 2.59058
4980000 2.59182
4990000 2.59174
5000000 2.59132
5010000 2.59045
5020000 2.58926
5030000 2.58817
5040000 2.58773
5050000 2.58754
5060000 2.58774
5070000 2.5886
5080000 2.58883
5090000 2.58911
5100000 2.58927
5110000 2.58815
5120000 2.58791
5130000 2.58736
5140000 2.58664
5150000 2.58669
5160000 2.58678
5170000 2.58577
5180000 2.58459
5190000 2.58357
5200000 2.58277
5210000 2.58255
5220000 2.58288
5230000 2.58417
5240000 2.58563
5250000 2.58548
5260000 2.58505
5270000 2.58431
5280000 2.58295
5290000 2.58228
5300000 2.58214
5310000 2.58241
5320000 2.58224
5330000 2.58227
5340000 2.58263
5350000 2.58317
5360000 2.58441
5370000 2.58462
5380000 2.58553
5390000 2.5864
5400000 2.58629
5410000 2.58553
5420000 2.5851
5430000 2.58472
5440000 2.58488
5450000 2.58551
5460000 2.58669
5470000 2.58739
5480000 2.58702
5490000 2.58597
5500000 2.58572
5510000 2.58668
5520000 2.58739
5530000 2.58857
5540000 2.58898
5550000 2.58866
5560000 2.58815
5570000 2.58776
5580000 2.58745
5590000 2.58733
5600000 2.58749
5610000 2.58728
5620000 2.58718
5630000 2.58797
5640000 2.58832
5650000 2.58885
5660000 2.58921
5670000 2.58965
5680000 2.58913
5690000 2.58898
5700000 2.5892
5710000 2.58851
5720000 2.58739
5730000 2.58638
5740000 2.58604
5750000 2.58565
5760000 2.58538
5770000 2.5849
5780000 2.58418
5790000 2.58366
5800000 2.58257
5810000 2.58178
5820000 2.58093
5830000 2.58023
5840000 2.5797
5850000 2.57928
5860000 2.57868
5870000 2.57795
5880000 2.57744
5890000 2.57734
5900000 2.57723
5910000 2.57811
5920000 2.57959
5930000 2.5801
5940000 2.5809
5950000 2.58167
5960000 2.58253
5970000 2.58325
5980000 2.58373
5990000 2.58429
6000000 2.58477
6010000 2.58496
6020000 2.58631
6030000 2.58726
6040000 2.58761
6050000 2.58803
6060000 2.58916
6070000 2.59009
6080000 2.59066
6090000 2.59018
6100000 2.58951
6110000 2.58953
6120000 2.59079
6130000 2.59128
6140000 2.59175
6150000 2.59157
6160000 2.59163
6170000 2.592
6180000 2.59263
6190000 2.5927
6200000 2.59233
6210000 2.59202
6220000 2.59207
6230000 2.59274
6240000 2.59374
6250000 2.5949
6260000 2.59617
6270000 2.59731
6280000 2.59802
6290000 2.59816
6300000 2.59858
6310000 2.59913
6320000 2.59976
6330000 2.60023
6340000 2.60062
6350000 2.60086
6360000 2.60066
6370000 2.60047
6380000 2.60013
6390000 2.60051
6400000 2.60121
6410000 2.60138
6420000 2.60139
6430000 2.60171
6440000 2.60233
6450000 2.60245
6460000 2.60188
6470000 2.60103
6480000 2.6008
6490000 2.60026
6500000 2.59932
6510000 2.59881
6520000 2.59827
6530000 2.59723
6540000 2.59667
6550000 2.59624
6560000 2.59604
6570000 2.59556
6580000 2.59495
6590000 2.594
6600000 2.5933
6610000 2.59341
6620000 2.59298
6630000 2.59269
6640000 2.59228
6650000 2.59237
6660000 2.59246
6670000 2.59197
6680000 2.59174
6690000 2.59164
6700000 2.59248
6710000 2.59305
6720000 2.5934
6730000 2.59283
6740000 2.59237
6750000 2.59203
6760000 2.59195
6770000 2.59146
6780000 2.59067
6790000 2.58992
6800000 2.58915
6810000 2.58897
6820000 2.58874
6830000 2.58827
6840000 2.58794
6850000 2.58811
6860000 2.58882
6870000 2.5889
6880000 2.58912
6890000 2.58986
6900000 2.58955
6910000 2.5889
6920000 2.5889
6930000 2.58909
6940000 2.58843
6950000 2.58765
6960000 2.58705
6970000 2.58617
6980000 2.58534
6990000 2.58492
7000000 2.58441
7010000 2.58418
7020000 2.5843
7030000 2.58503
7040000 2.58571
7050000 2.58682
7060000 2.58707
7070000 2.58681
7080000 2.58605
7090000 2.58557
7100000 2.58519
7110000 2.58442
7120000 2.58369
7130000 2.58291
7140000 2.58197
7150000 2.58154
7160000 2.581
7170000 2.58114
7180000 2.58163
7190000 2.58273
7200000 2.58414
7210000 2.58424
7220000 2.58413
7230000 2.58336
7240000 2.58288
7250000 2.58293
7260000 2.58269
7270000 2.58239
7280000 2.58188
7290000 2.58227
7300000 2.58225
7310000 2.58195
7320000 2.58212
7330000 2.58235
7340000 2.58225
7350000 2.58203
7360000 2.58154
7370000 2.58165
7380000 2.58193
7390000 2.58197
7400000 2.58167
7410000 2.58176
7420000 2.58196
7430000 2.58209
7440000 2.58239
7450000 2.58251
7460000 2.58325
7470000 2.58404
7480000 2.58432
7490000 2.58397
7500000 2.58435
7510000 2.58509
7520000 2.58597
7530000 2.58627
7540000 2.58636
7550000 2.58637
7560000 2.58636
7570000 2.58599
7580000 2.58567
7590000 2.58537
7600000 2.58549
7610000 2.5854
7620000 2.58555
7630000 2.58593
7640000 2.58618
7650000 2.58608
7660000 2.58563
7670000 2.58509
7680000 2.5844
7690000 2.58418
7700000 2.58447
7710000 2.58488
7720000 2.58559
7730000 2.58523
7740000 2.58522
7750000 2.58562
7760000 2.58562
7770000 2.58575
7780000 2.58619
7790000 2.58683
7800000 2.58755
7810000 2.58801
7820000 2.58879
7830000 2.58939
7840000 2.58957
7850000 2.58915
7860000 2.58848
7870000 2.58801
7880000 2.58769
7890000 2.58726
7900000 2.58673
7910000 2.58634
7920000 2.58624
7930000 2.58589
7940000 2.58564
7950000 2.58561
7960000 2.58584
7970000 2.58551
7980000 2.58467
7990000 2.58394
8000000 2.58384
8010000 2.58425
8020000 2.5848
8030000 2.58449
8040000 2.58391
8050000 2.58341
8060000 2.58335
8070000 2.58363
8080000 2.58358
8090000 2.58334
8100000 2.58318
8110000 2.58321
8120000 2.58303
8130000 2.58246
8140000 2.58204
8150000 2.58222
8160000 2.58285
8170000 2.58377
8180000 2.58443
8190000 2.5846
8200000 2.58432
8210000 2.5836
8220000 2.58326
8230000 2.58324
8240000 2.58365
8250000 2.58404
8260000 2.58366
8270000 2.58302
8280000 2.58332
8290000 2.58385
8300000 2.58474
8310000 2.5852
8320000 2.58529
8330000 2.58546
8340000 2.58579
8350000 2.58544
8360000 2.58499
8370000 2.58457
8380000 2.58456
8390000 2.58466
8400000 2.58481
8410000 2.58486
8420000 2.58511
8430000 2.585
8440000 2.58471
8450000 2.5845
8460000 2.58438
8470000 2.58399
8480000 2.58355
8490000 2.58298
8500000 2.5836
8510000 2.58451
8520000 2.58455
8530000 2.58515
8540000 2.58578
8550000 2.58655
8560000 2.5868
8570000 2.58682
8580000 2.58685
8590000 2.58665
8600000 2.58661
8610000 2.58692
8620000 2.58696
8630000 2.58676
8640000 2.58698
8650000 2.58703
8660000 2.58646
8670000 2.5861
8680000 2.58585
8690000 2.58581
8700000 2.58564
8710000 2.58502
8720000 2.58436
8730000 2.58388
8740000 2.58401
8750000 2.58395
8760000 2.58392
8770000 2.58424
8780000 2.58379
8790000 2.58359
8800000 2.58314
8810000 2.58259
8820000 2.58191
8830000 2.58168
8840000 2.58179
8850000 2.5818
8860000 2.58152
8870000 2.5815
8880000 2.58184
8890000 2.58274
8900000 2.58376
8910000 2.58371
8920000 2.58345
8930000 2.58324
8940000 2.58345
8950000 2.58377
8960000 2.58429
8970000 2.58462
8980000 2.58495
8990000 2.58458
9000000 2.58393
9010000 2.58373
9020000 2.5837
9030000 2.58379
9040000 2.58348
9050000 2.583
9060000 2.5827
9070000 2.58272
9080000 2.58204
9090000 2.58159
9100000 2.58101
9110000 2.58062
9120000 2.58036
9130000 2.58031
9140000 2.58016
9150000 2.58023
9160000 2.58086
9170000 2.58121
9180000 2.58105
9190000 2.58138
9200000 2.58178
9210000 2.58161
9220000 2.5817
9230000 2.58127
9240000 2.58127
9250000 2.58108
9260000 2.58089
9270000 2.58084
9280000 2.58031
9290000 2.58042
9300000 2.58011
9310000 2.57965
9320000 2.57928
9330000 2.57887
9340000 2.57865
9350000 2.57877
9360000 2.57841
9370000 2.57792
9380000 2.57776
9390000 2.57769
9400000 2.57762
9410000 2.57779
9420000 2.57815
9430000 2.57798
9440000 2.57861
9450000 2.57911
9460000 2.57941
9470000 2.57995
9480000 2.58073
9490000 2.58097
9500000 2.58122
9510000 2.58164
9520000 2.58172
9530000 2.58206
9540000 2.58252
9550000 2.58277
9560000 2.58303
9570000 2.58306
9580000 2.5826
9590000 2.58203
9600000 2.58161
9610000 2.58123
9620000 2.58108
9630000 2.58136
9640000 2.58203
9650000 2.58236
9660000 2.58221
9670000 2.58227
9680000 2.58247
9690000 2.58234
9700000 2.58267
9710000 2.58317
9720000 2.58364
9730000 2.58351
9740000 2.58331
9750000 2.58305
9760000 2.5834
9770000 2.58392
9780000 2.58447
9790000 2.58474
9800000 2.58481
9810000 2.58477
9820000 2.58491
9830000 2.58525
9840000 2.58562
9850000 2.58618
9860000 2.58666
9870000 2.58717
9880000 2.58681
9890000 2.58644
9900000 2.58641
9910000 2.58618
9920000 2.5861
9930000 2.58566
9940000 2.58605
9950000 2.58624
9960000 2.58658
9970000 2.58676
9980000 2.58648
9990000 2.58607
10000000 2.58586
10010000 2.584
10020000 2.58289
10030000 2.58227
10040000 2.58174
10050000 2.58221
10060000 2.5834
10070000 2.58499
10080000 2.58619
10090000 2.58674
10100000 2.58679
10110000 2.58697
10120000 2.58725
10130000 2.58728
10140000 2.58738
10150000 2.5869
10160000 2.58613
10170000 2.58574
10180000 2.58532
10190000 2.58542
10200000 2.58457
10210000 2.58415
10220000 2.58401
10230000 2.58323
10240000 2.58301
10250000 2.58195
10260000 2.58127
10270000 2.58069
10280000 2.57981
10290000 2.57941
10300000 2.57961
10310000 2.57923
10320000 2.57876
10330000 2.57865
10340000 2.57883
10350000 2.57888
10360000 2.57888
10370000 2.57907
10380000 2.57967
10390000 2.58009
10400000 2.58097
10410000 2.58209
10420000 2.58287
10430000 2.58422
10440000 2.58467
10450000 2.58526
10460000 2.58551
10470000 2.58516
10480000 2.58538
10490000 2.58599
10500000 2.58617
10510000 2.58613
10520000 2.58564
10530000 2.58487
10540000 2.58458
10550000 2.58395
10560000 2.58383
10570000 2.58384
10580000 2.58438
10590000 2.58478
10600000 2.58562
10610000 2.58616
10620000 2.58605
10630000 2.58577
10640000 2.58526
10650000 2.58482
10660000 2.58462
10670000 2.58454
10680000 2.58471
10690000 2.58539
10700000 2.58611
10710000 2.58656
10720000 2.5871
10730000 2.58833
10740000 2.58967
10750000 2.59061
10760000 2.59005
10770000 2.58916
10780000 2.58843
10790000 2.58795
10800000 2.58807
10810000 2.58827
10820000 2.58877
10830000 2.58885
10840000 2.58942
10850000 2.59015
10860000 2.59087
10870000 2.59144
10880000 2.59178
10890000 2.5908
10900000 2.58965
10910000 2.58919
10920000 2.58923
10930000 2.58962
10940000 2.58911
10950000 2.58859
10960000 2.58848
10970000 2.58815
10980000 2.58772
10990000 2.58781
11000000 2.58771
11010000 2.58794
11020000 2.58811
11030000 2.58857
11040000 2.58934
11050000 2.58922
11060000 2.58858
11070000 2.58861
11080000 2.58841
11090000 2.58814
11100000 2.58904
11110000 2.58992
11120000 2.59018
11130000 2.5906
11140000 2.5905
11150000 2.59096
11160000 2.59181
11170000 2.59195
11180000 2.59114
11190000 2.59047
11200000 2.5896
11210000 2.58948
11220000 2.58931
11230000 2.58957
11240000 2.5895
11250000 2.58884
11260000 2.58871
11270000 2.58777
11280000 2.58698
11290000 2.58594
11300000 2.58479
11310000 2.58452
11320000 2.58468
11330000 2.58502
11340000 2.58514
11350000 2.58503
11360000 2.58513
11370000 2.58568
11380000 2.58659
11390000 2.58715
11400000 2.58717
11410000 2.58739
11420000 2.58813
11430000 2.58851
11440000 2.58874
11450000 2.5897
11460000 2.59073
11470000 2.5914
11480000 2.59177
11490000 2.59229
11500000 2.59188
11510000 2.59196
11520000 2.59223
11530000 2.59215
11540000 2.59261
11550000 2.59319
11560000 2.59346
11570000 2.59374
11580000 2.59429
11590000 2.59517
11600000 2.59636
11610000 2.59702
11620000 2.59748
11630000 2.5975
11640000 2.59692
11650000 2.5965
11660000 2.59656
11670000 2.59656
11680000 2.59654
11690000 2.59606
11700000 2.59583
11710000 2.59599
11720000 2.59683
11730000 2.59669
11740000 2.59559
11750000 2.5953
11760000 2.59538
11770000 2.59599
11780000 2.59678
11790000 2.59665
11800000 2.59612
11810000 2.59554
11820000 2.59491
11830000 2.59541
11840000 2.59628
11850000 2.59735
11860000 2.59813
11870000 2.59917
11880000 2.59981
11890000 2.59975
11900000 2.60024
11910000 2.60067
11920000 2.60133
11930000 2.60232
11940000 2.60288
11950000 2.60267
11960000 2.60253
11970000 2.60279
11980000 2.60274
11990000 2.6026
12000000 2.6019
12010000 2.60191
12020000 2.60131
12030000 2.60103
12040000 2.60083
12050000 2.60047
12060000 2.60066
12070000 2.60084
12080000 2.601
12090000 2.60092
12100000 2.60088
12110000 2.6012
12120000 2.60176
12130000 2.60193
12140000 2.60239
12150000 2.60367
12160000 2.60423
12170000 2.60517
12180000 2.6055
12190000 2.60593
12200000 2.60655
12210000 2.60701
12220000 2.60725
12230000 2.60722
12240000 2.60826
12250000 2.60898
12260000 2.61027
12270000 2.6109
12280000 2.61138
12290000 2.61153
12300000 2.61105
12310000 2.61113
12320000 2.6112
12330000 2.61044
12340000 2.60993
12350000 2.60895
12360000 2.60843
12370000 2.60819
12380000 2.60821
12390000 2.6087
12400000 2.60851
12410000 2.6089
12420000 2.60901
12430000 2.60886
12440000 2.60858
12450000 2.60855
12460000 2.60839
12470000 2.60859
12480000 2.60788
12490000 2.6074
12500000 2.60746
12510000 2.60772
12520000 2.60788
12530000 2.60808
12540000 2.60818
12550000 2.60842
12560000 2.60822
12570000 2.60749
12580000 2.60691
12590000 2.60645
12600000 2.60625
12610000 2.60575
12620000 2.60544
12630000 2.60482
12640000 2.60425
12650000 2.60356
12660000 2.60279
12670000 2.60341
12680000 2.60339
12690000 2.60343
12700000 2.60328
12710000 2.60251
12720000 2.60237
12730000 2.60319
12740000 2.60444
12750000 2.60534
12760000 2.60569
12770000 2.60581
12780000 2.60566
12790000 2.60629
12800000 2.6072
12810000 2.60798
12820000 2.6087
12830000 2.60883
12840000 2.60931
12850000 2.60938
12860000 2.60976
12870000 2.60958
12880000 2.60931
12890000 2.60896
12900000 2.60879
12910000 2.60879
12920000 2.60805
12930000 2.60769
12940000 2.60772
12950000 2.60749
12960000 2.60751
12970000 2.60679
12980000 2.60592
12990000 2.60546
13000000 2.60531
13010000 2.60576
13020000 2.606
13030000 2.60628
13040000 2.60739
13050000 2.60899
13060000 2.61079
13070000 2.61218
13080000 2.61291
13090000 2.61349
13100000 2.61349
13110000 2.61342
13120000 2.61393
13130000 2.61481
13140000 2.61542
13150000 2.61564
13160000 2.61552
13170000 2.615
13180000 2.61495
13190000 2.61546
13200000 2.61529
13210000 2.61556
13220000 2.61551
13230000 2.61543
13240000 2.61564
13250000 2.61526
13260000 2.61567
13270000 2.61649
13280000 2.61702
13290000 2.6172
13300000 2.61716
13310000 2.61701
13320000 2.61682
13330000 2.61668
13340000 2.6164
13350000 2.6162
13360000 2.6158
13370000 2.61498
13380000 2.61478
13390000 2.61463
13400000 2.61426
13410000 2.61385
13420000 2.61332
13430000 2.61278
13440000 2.61249
13450000 2.61274
13460000 2.61283
13470000 2.61257
13480000 2.6122
13490000 2.61316
13500000 2.61371
13510000 2.61369
13520000 2.61393
13530000 2.61396
13540000 2.61379
13550000 2.6135
13560000 2.61359
13570000 2.61442
13580000 2.61482
13590000 2.61542
13600000 2.61618
13610000 2.61679
13620000 2.61719
13630000 2.6173
13640000 2.61772
13650000 2.61782
13660000 2.61777
13670000 2.61775
13680000 2.61771
13690000 2.61788
13700000 2.61804
13710000 2.61753
13720000 2.61666
13730000 2.61592
13740000 2.61512
13750000 2.6144
13760000 2.61456
13770000 2.61467
13780000 2.61549
13790000 2.616
13800000 2.61677
13810000 2.6169
13820000 2.61736
13830000 2.61835
13840000 2.61969
13850000 2.62054
13860000 2.62089
13870000 2.62178
13880000 2.62312
13890000 2.62376
13900000 2.62426
13910000 2.62459
13920000 2.62429
13930000 2.62459
13940000 2.62516
13950000 2.62535
13960000 2.62526
13970000 2.62517
13980000 2.62501
13990000 2.62496
14000000 2.62515
14010000 2.62463
14020000 2.62456
14030000 2.62452
14040000 2.62439
14050000 2.62398
14060000 2.62402
14070000 2.62441
14080000 2.62512
14090000 2.62537
14100000 2.62515
14110000 2.62415
14120000 2.62367
14130000 2.62271
14140000 2.622
14150000 2.62154
14160000 2.62064
14170000 2.6195
14180000 2.61899
14190000 2.61877
14200000 2.61871
14210000 2.61888
14220000 2.61925
14230000 2.61925
14240000 2.61934
14250000 2.6195
14260000 2.61974
14270000 2.62008
14280000 2.61955
14290000 2.61902
14300000 2.61873
14310000 2.61834
14320000 2.61809
14330000 2.61824
14340000 2.61793
14350000 2.61743
14360000 2.6168
14370000 2.61583
14380000 2.61605
14390000 2.61596
14400000 2.6162
14410000 2.61594
14420000 2.61626
14430000 2.61685
14440000 2.61754
14450000 2.61847
14460000 2.61918
14470000 2.62006
14480000 2.62072
14490000 2.62087
14500000 2.62108
14510000 2.62141
14520000 2.62128
14530000 2.62046
14540000 2.62
14550000 2.61956
14560000 2.61937
14570000 2.6197
14580000 2.6207
14590000 2.6215
14600000 2.62148
14610000 2.62113
14620000 2.6215
14630000 2.62183
14640000 2.6222
14650000 2.62185
14660000 2.6219
14670000 2.62198
14680000 2.62157
14690000 2.62204
14700000 2.62232
14710000 2.62283
14720000 2.62307
14730000 2.62303
14740000 2.62346
14750000 2.62341
14760000 2.62385
14770000 2.62347
14780000 2.62296
14790000 2.62277
14800000 2.62274
14810000 2.62216
14820000 2.62206
14830000 2.62218
14840000 2.62193
14850000 2.62137
14860000 2.62135
14870000 2.62136
14880000 2.62141
14890000 2.6218
14900000 2.62286
14910000 2.62402
14920000 2.62463
14930000 2.62496
14940000 2.62553
14950000 2.62599
14960000 2.62556
14970000 2.62556
14980000 2.62502
14990000 2.62515
15000000 2.62536
15010000 2.62567
15020000 2.62636
15030000 2.62667
15040000 2.62681
15050000 2.62676
15060000 2.62629
15070000 2.6258
15080000 2.6256
15090000 2.62514
15100000 2.62481
15110000 2.62515
15120000 2.62524
15130000 2.62585
15140000 2.62641
15150000 2.62625
15160000 2.62633
15170000 2.62711
15180000 2.62784
15190000 2.62838
15200000 2.62912
15210000 2.6293
15220000 2.62957
15230000 2.62885
15240000 2.62817
15250000 2.62852
15260000 2.62913
15270000 2.63006
15280000 2.63088
15290000 2.63133
15300000 2.63134
15310000 2.6307
15320000 2.63068
15330000 2.63114
15340000 2.63148
15350000 2.63176
15360000 2.63169
15370000 2.63173
15380000 2.6313
15390000 2.63107
15400000 2.63144
15410000 2.63159
15420000 2.63163
15430000 2.63181
15440000 2.63205
15450000 2.63193
15460000 2.63139
15470000 2.63088
15480000 2.63107
15490000 2.6316
15500000 2.63192
15510000 2.63186
15520000 2.63167
15530000 2.63158
15540000 2.63149
15550000 2.63164
15560000 2.63162
15570000 2.63189
15580000 2.63263
15590000 2.63285
15600000 2.63262
15610000 2.63303
15620000 2.63325
15630000 2.63318
15640000 2.63332
15650000 2.63365
15660000 2.63371
15670000 2.63353
15680000 2.63416
15690000 2.63432
15700000 2.634
15710000 2.6342
15720000 2.63453
15730000 2.63478
15740000 2.63452
15750000 2.63469
15760000 2.63489
15770000 2.63566
15780000 2.63608
15790000 2.63648
15800000 2.63678
15810000 2.63729
15820000 2.63766
15830000 2.63809
15840000 2.63833
15850000 2.63855
15860000 2.63926
15870000 2.64
15880000 2.64084
15890000 2.64081
15900000 2.64084
15910000 2.64058
15920000 2.64037
15930000 2.64016
15940000 2.6402
15950000 2.64033
15960000 2.64003
15970000 2.63953
15980000 2.63921
15990000 2.63886
16000000 2.63864
16010000 2.63845
16020000 2.63739
16030000 2.63666
16040000 2.6366
16050000 2.63658
16060000 2.63617
16070000 2.63561
16080000 2.63568
16090000 2.63574
16100000 2.63595
16110000 2.63577
16120000 2.63457
16130000 2.63359
16140000 2.63285
16150000 2.63255
16160000 2.63208
16170000 2.63144
16180000 2.63075
16190000 2.63069
16200000 2.63061
16210000 2.63043
16220000 2.63067
16230000 2.63083
16240000 2.6305
16250000 2.63005
16260000 2.62982
16270000 2.62999
16280000 2.63035
16290000 2.63099
16300000 2.63125
16310000 2.63066
16320000 2.63011
16330000 2.63008
16340000 2.6297
16350000 2.62942
16360000 2.62932
16370000 2.63028
16380000 2.63132
16390000 2.63145
16400000 2.63099
16410000 2.63119
16420000 2.63134
16430000 2.63117
16440000 2.63065
16450000 2.63003
16460000 2.62965
16470000 2.62965
16480000 2.62974
16490000 2.62994
16500000 2.63053
16510000 2.63078
16520000 2.63071
16530000 2.63131
16540000 2.63163
16550000 2.63172
16560000 2.63198
16570000 2.63242
16580000 2.63272
16590000 2.63317
16600000 2.6335
16610000 2.63321
16620000 2.63305
16630000 2.63279
16640000 2.63317
16650000 2.6331
16660000 2.63308
16670000 2.63338
16680000 2.63331
16690000 2.63317
16700000 2.63262
16710000 2.63222
16720000 2.63127
16730000 2.63128
16740000 2.63122
16750000 2.63112
16760000 2.63128
16770000 2.63143
16780000 2.63148
16790000 2.63174
16800000 2.63217
16810000 2.63224
16820000 2.63255
16830000 2.6325
16840000 2.63307
16850000 2.63345
16860000 2.63346
16870000 2.63342
16880000 2.63333
16890000 2.63289
16900000 2.63299
16910000 2.63336
16920000 2.63349
16930000 2.63291
16940000 2.63314
16950000 2.6335
16960000 2.63367
16970000 2.63428
16980000 2.63495
16990000 2.6348
17000000 2.63454
17010000 2.63424
17020000 2.63426
17030000 2.63434
17040000 2.63431
17050000 2.63371
17060000 2.63392
17070000 2.63453
17080000 2.63548
17090000 2.636
17100000 2.63637
17110000 2.63701
17120000 2.63775
17130000 2.63833
17140000 2.6389
17150000 2.6394
17160000 2.63961
17170000 2.63944
17180000 2.63875
17190000 2.63788
17200000 2.63733
17210000 2.63714
17220000 2.63713
17230000 2.63735
17240000 2.63748
17250000 2.63706
17260000 2.63714
17270000 2.63733
17280000 2.63774
17290000 2.63751
17300000 2.63765
17310000 2.63856
17320000 2.63898
17330000 2.63849
17340000 2.63813
17350000 2.63829
17360000 2.6389
17370000 2.63918
17380000 2.63925
17390000 2.63966
17400000 2.6399
17410000 2.63968
17420000 2.63943
17430000 2.63909
17440000 2.63866
17450000 2.63881
17460000 2.63859
17470000 2.63823
17480000 2.63819
17490000 2.63827
17500000 2.63764
17510000 2.63657
17520000 2.6355
17530000 2.63473
17540000 2.63425
17550000 2.63385
17560000 2.63332
17570000 2.63314
17580000 2.63279
17590000 2.63242
17600000 2.63211
17610000 2.63209
17620000 2.63175
17630000 2.6308
17640000 2.63009
17650000 2.62984
17660000 2.62987
17670000 2.63015
17680000 2.63061
17690000 2.63057
17700000 2.62985
17710000 2.62887
17720000 2.62805
17730000 2.62805
17740000 2.62812
17750000 2.62803
17760000 2.62827
17770000 2.6282
17780000 2.62773
17790000 2.62722
17800000 2.62732
17810000 2.62756
17820000 2.6272
17830000 2.62726
17840000 2.62789
17850000 2.62889
17860000 2.63021
17870000 2.63094
17880000 2.63176
17890000 2.63234
17900000 2.6332
17910000 2.63383
17920000 2.6344
17930000 2.6344
17940000 2.63429
17950000 2.63386
17960000 2.63311
17970000 2.63291
17980000 2.63318
17990000 2.6338
18000000 2.63416
18010000 2.63357
18020000 2.63254
18030000 2.63256
18040000 2.63313
18050000 2.63307
18060000 2.6329
18070000 2.63206
18080000 2.6317
18090000 2.63142
18100000 2.63141
18110000 2.63116
18120000 2.63107
18130000 2.63138
18140000 2.63132
18150000 2.63065
18160000 2.62988
18170000 2.62864
18180000 2.62758
18190000 2.62687
18200000 2.62662
18210000 2.6267
18220000 2.62678
18230000 2.6267
18240000 2.62641
18250000 2.6268
18260000 2.62758
18270000 2.62858
18280000 2.62885
18290000 2.62871
18300000 2.62842
18310000 2.62838
18320000 2.62774
18330000 2.62719
18340000 2.62624
18350000 2.62635
18360000 2.62704
18370000 2.62788
18380000 2.62791
18390000 2.62739
18400000 2.6268
18410000 2.62645
18420000 2.62607
18430000 2.62587
18440000 2.62571
18450000 2.62573
18460000 2.62556
18470000 2.62549
18480000 2.62566
18490000 2.6262
18500000 2.62569
18510000 2.62451
18520000 2.62408
18530000 2.62407
18540000 2.62346
18550000 2.62247
18560000 2.62197
18570000 2.62209
18580000 2.6219
18590000 2.62205
18600000 2.62231
18610000 2.62258
18620000 2.62308
18630000 2.62341
18640000 2.62367
18650000 2.62419
18660000 2.62542
18670000 2.62612
18680000 2.62677
18690000 2.62729
18700000 2.62779
18710000 2.62824
18720000 2.6287
18730000 2.6287
18740000 2.62822
18750000 2.62817
18760000 2.6279
18770000 2.62764
18780000 2.62804
18790000 2.62773
18800000 2.62802
18810000 2.62854
18820000 2.62896
18830000 2.62937
18840000 2.62985
18850000 2.63058
18860000 2.63156
18870000 2.63253
18880000 2.6331
18890000 2.63283
18900000 2.63244
18910000 2.63297
18920000 2.63372
18930000 2.63391
18940000 2.63409
18950000 2.63398
18960000 2.63364
18970000 2.63394
18980000 2.63441
18990000 2.63523
19000000 2.63627
19010000 2.63681
19020000 2.63663
19030000 2.63681
19040000 2.63684
19050000 2.63696
19060000 2.63692
19070000 2.63704
19080000 2.63814
19090000 2.63901
19100000 2.63945
19110000 2.63979
19120000 2.6402
19130000 2.64022
19140000 2.63995
19150000 2.63978
19160000 2.63919
19170000 2.63882
19180000 2.63897
19190000 2.63915
19200000 2.63926
19210000 2.6403
19220000 2.64048
19230000 2.64085
19240000 2.64104
19250000 2.64163
19260000 2.64259
19270000 2.64323
19280000 2.64426
19290000 2.64423
19300000 2.64469
19310000 2.64518
19320000 2.64565
19330000 2.64618
19340000 2.64616
19350000 2.6458
19360000 2.64602
19370000 2.64662
19380000 2.64645
19390000 2.64616
19400000 2.64578
19410000 2.64529
19420000 2.64468
19430000 2.64455
19440000 2.6435
19450000 2.64259
19460000 2.64222
19470000 2.64183
19480000 2.64136
19490000 2.6412
19500000 2.64067
19510000 2.64035
19520000 2.63998
19530000 2.63939
19540000 2.63861
19550000 2.63844
19560000 2.63811
19570000 2.63788
19580000 2.63828
19590000 2.63882
19600000 2.63926
19610000 2.63948
19620000 2.63937
19630000 2.63911
19640000 2.63878
19650000 2.63828
19660000 2.63846
19670000 2.63909
19680000 2.63948
19690000 2.63959
19700000 2.639
19710000 2.63873
19720000 2.63898
19730000 2.63984
19740000 2.64034
19750000 2.64075
19760000 2.64082
19770000 2.64018
19780000 2.63949
19790000 2.63883
19800000 2.63828
19810000 2.63783
19820000 2.6372
19830000 2.63623
19840000 2.63594
19850000 2.6359
19860000 2.63586
19870000 2.63598
19880000 2.63624
19890000 2.63608
19900000 2.63595
19910000 2.63617
19920000 2.63647
19930000 2.63775
19940000 2.6378
19950000 2.63797
19960000 2.63761
19970000 2.6374
19980000 2.63784
19990000 2.63819
20000000 2.63874
20010000 2.63958
20020000 2.64037
20030000 2.64035
20040000 2.64028
20050000 2.63941
20060000 2.6383
20070000 2.63701
20080000 2.63624
20090000 2.63636
20100000 2.63597
20110000 2.63578
20120000 2.63548
20130000 2.6354
20140000 2.6352
20150000 2.63534
20160000 2.6357
20170000 2.63581
20180000 2.6361
20190000 2.63646
20200000 2.63672
20210000 2.637
20220000 2.63764
20230000 2.63941
20240000 2.64068
20250000 2.64215
20260000 2.64238
20270000 2.64293
20280000 2.64342
20290000 2.64338
20300000 2.64322
20310000 2.64428
20320000 2.64587
20330000 2.64684
20340000 2.64758
20350000 2.6484
20360000 2.64855
20370000 2.64861
20380000 2.64842
20390000 2.64755
20400000 2.64675
20410000 2.646
20420000 2.64584
20430000 2.6446
20440000 2.6441
20450000 2.64351
20460000 2.64318
20470000 2.64373
20480000 2.64365
20490000 2.64353
20500000 2.6435
20510000 2.64356
20520000 2.64466
20530000 2.6454
20540000 2.64516
20550000 2.64475
20560000 2.64489
20570000 2.64479
20580000 2.64451
20590000 2.6442
20600000 2.64344
20610000 2.6425
20620000 2.64227
20630000 2.64239
20640000 2.64243
20650000 2.64243
20660000 2.64216
20670000 2.64216
20680000 2.64211
20690000 2.64199
20700000 2.64174
20710000 2.64166
20720000 2.6417
20730000 2.6414
20740000 2.64037
20750000 2.63952
20760000 2.63947
20770000 2.63931
20780000 2.63863
20790000 2.6378
20800000 2.63687
20810000 2.63691
20820000 2.63705
20830000 2.6371
20840000 2.63689
20850000 2.63664
20860000 2.63647
20870000 2.63692
20880000 2.63765
20890000 2.63843
20900000 2.63897
20910000 2.63939
20920000 2.63943
20930000 2.63928
20940000 2.6396
20950000 2.64003
20960000 2.63989
20970000 2.64056
20980000 2.64132
20990000 2.64159
21000000 2.64264
21010000 2.64263
21020000 2.64246
21030000 2.64191
21040000 2.64097
21050000 2.64076
21060000 2.64105
21070000 2.64067
21080000 2.64041
21090000 2.64063
21100000 2.64033
21110000 2.64036
21120000 2.64053
21130000 2.64049
21140000 2.64043
21150000 2.63947
21160000 2.63851
21170000 2.63824
21180000 2.63791
21190000 2.63784
21200000 2.63804
21210000 2.63819
21220000 2.63874
21230000 2.63896
21240000 2.63898
21250000 2.639
21260000 2.63949
21270000 2.64053
21280000 2.64135
21290000 2.64171
21300000 2.64186
21310000 2.64124
21320000 2.6406
21330000 2.64034
21340000 2.63965
21350000 2.63901
21360000 2.63828
21370000 2.6379
21380000 2.63675
21390000 2.63537
21400000 2.63474
21410000 2.63425
21420000 2.63333
21430000 2.63235
21440000 2.63165
21450000 2.63113
21460000 2.63068
21470000 2.63057
21480000 2.63054
21490000 2.63046
21500000 2.63029
21510000 2.63022
21520000 2.63046
21530000 2.62985
21540000 2.62873
21550000 2.62852
21560000 2.62863
21570000 2.62802
21580000 2.62731
21590000 2.6264
21600000 2.62557
21610000 2.62538
21620000 2.625
21630000 2.62538
21640000 2.62638
21650000 2.62611
21660000 2.62643
21670000 2.62693
21680000 2.62733
21690000 2.6275
21700000 2.62708
21710000 2.62696
21720000 2.62673
21730000 2.62685
21740000 2.6273
21750000 2.62718
21760000 2.62674
21770000 2.62612
21780000 2.62598
21790000 2.62599
21800000 2.6265
21810000 2.62686
21820000 2.62728
21830000 2.62728
21840000 2.62727
21850000 2.62775
21860000 2.62819
21870000 2.62815
21880000 2.62872
21890000 2.62935
21900000 2.6293
21910000 2.62877
21920000 2.62803
21930000 2.62722
21940000 2.627
21950000 2.6269
21960000 2.62678
21970000 2.62744
21980000 2.62766
21990000 2.62808
22000000 2.62805
22010000 2.6278
22020000 2.62801
22030000 2.628
22040000 2.62826
22050000 2.62823
22060000 2.62781
22070000 2.62765
22080000 2.62762
22090000 2.62768
22100000 2.62741
22110000 2.62714
22120000 2.62664
22130000 2.6265
22140000 2.62625
22150000 2.62603
22160000 2.62629
22170000 2.6265
22180000 2.62709
22190000 2.62721
22200000 2.62667
22210000 2.62633
22220000 2.62588
22230000 2.62562
22240000 2.62463
22250000 2.62407
22260000 2.62288
22270000 2.6225
22280000 2.6225
22290000 2.62265
22300000 2.62228
22310000 2.62183
22320000 2.6215
22330000 2.62182
22340000 2.62204
22350000 2.62268
22360000 2.62344
22370000 2.62428
22380000 2.62429
22390000 2.62398
22400000 2.62336
22410000 2.623
22420000 2.62316
22430000 2.62314
22440000 2.62321
22450000 2.62322
22460000 2.62324
22470000 2.62252
22480000 2.62222
22490000 2.62233
22500000 2.62225
22510000 2.62196
22520000 2.62171
22530000 2.62139
22540000 2.62164
22550000 2.62174
22560000 2.62173
22570000 2.6214
22580000 2.62115
22590000 2.62155
22600000 2.62161
22610000 2.62152
22620000 2.62183
22630000 2.62242
22640000 2.62337
22650000 2.62448
22660000 2.62483
22670000 2.62383
22680000 2.62342
22690000 2.6232
22700000 2.62339
22710000 2.62345
22720000 2.62298
22730000 2.62204
22740000 2.6209
22750000 2.61986
22760000 2.61949
22770000 2.6191
22780000 2.61965
22790000 2.61968
22800000 2.61932
22810000 2.61898
22820000 2.61863
22830000 2.6185
22840000 2.61808
22850000 2.61784
22860000 2.61764
22870000 2.61842
22880000 2.61889
22890000 2.61921
22900000 2.61938
22910000 2.61912
22920000 2.61932
22930000 2.61898
22940000 2.6192
22950000 2.61996
22960000 2.62004
22970000 2.62066
22980000 2.62108
22990000 2.62101
23000000 2.62139
23010000 2.62132
23020000 2.62134
23030000 2.62135
23040000 2.62135
23050000 2.62085
23060000 2.62006
23070000 2.61931
23080000 2.61935
23090000 2.61922
23100000 2.6195
23110000 2.6196
23120000 2.61872
23130000 2.61771
23140000 2.61756
23150000 2.61746
23160000 2.61738
23170000 2.61734
23180000 2.61701
23190000 2.61647
23200000 2.6162
23210000 2.61583
23220000 2.61596
23230000 2.61512
23240000 2.61397
23250000 2.61384
23260000 2.61337
23270000 2.61263
23280000 2.61242
23290000 2.61343
23300000 2.61425
23310000 2.61496
23320000 2.61539
23330000 2.61616
23340000 2.61667
23350000 2.61732
23360000 2.6181
23370000 2.6182
23380000 2.61762
23390000 2.61723
23400000 2.61715
23410000 2.61684
23420000 2.61687
23430000 2.61709
23440000 2.61675
23450000 2.61612
23460000 2.61587
23470000 2.6155
23480000 2.61485
23490000 2.61329
23500000 2.61261
23510000 2.61284
23520000 2.61322
23530000 2.61396
23540000 2.61423
23550000 2.61525
23560000 2.6159
23570000 2.61531
23580000 2.6151
23590000 2.61473
23600000 2.61413
23610000 2.61377
23620000 2.61315
23630000 2.61346
23640000 2.61302
23650000 2.61284
23660000 2.61248
23670000 2.61272
23680000 2.61312
23690000 2.61301
23700000 2.61273
23710000 2.61293
23720000 2.61335
23730000 2.61362
23740000 2.61413
23750000 2.61439
23760000 2.61414
23770000 2.61365
23780000 2.61358
23790000 2.61427
23800000 2.61458
23810000 2.61544
23820000 2.61613
23830000 2.61582
23840000 2.61502
23850000 2.61451
23860000 2.61424
23870000 2.61328
23880000 2.61202
23890000 2.61163
23900000 2.61105
23910000 2.61087
23920000 2.61145
23930000 2.61104
23940000 2.61012
23950000 2.6099
23960000 2.61006
23970000 2.61
23980000 2.60971
23990000 2.60963
24000000 2.60902
24010000 2.60881
24020000 2.60836
24030000 2.60842
24040000 2.60828
24050000 2.60856
24060000 2.60918
24070000 2.6095
24080000 2.60934
24090000 2.60942
24100000 2.61003
24110000 2.61062
24120000 2.61107
24130000 2.61198
24140000 2.61218
24150000 2.61161
24160000 2.61141
24170000 2.61132
24180000 2.61124
24190000 2.61084
24200000 2.61095
24210000 2.6115
24220000 2.61237
24230000 2.61327
24240000 2.61426
24250000 2.61504
24260000 2.61543
24270000 2.61543
24280000 2.61503
24290000 2.61577
24300000 2.61571
24310000 2.61534
24320000 2.61546
24330000 2.61596
24340000 2.61639
24350000 2.61636
24360000 2.61655
24370000 2.6168
24380000 2.61646
24390000 2.61662
24400000 2.6163
24410000 2.61648
24420000 2.61664
24430000 2.61666
24440000 2.61601
24450000 2.61564
24460000 2.61577
24470000 2.61571
24480000 2.61598
24490000 2.61668
24500000 2.61738
24510000 2.61756
24520000 2.61798
24530000 2.61881
24540000 2.61935
24550000 2.62035
24560000 2.62095
24570000 2.62071
24580000 2.61923
24590000 2.61825
24600000 2.61911
24610000 2.62011
24620000 2.62059
24630000 2.62122
24640000 2.62109
24650000 2.62066
24660000 2.61992
24670000 2.6194
24680000 2.61936
24690000 2.61907
24700000 2.61839
24710000 2.61748
24720000 2.61698
24730000 2.61682
24740000 2.61639
24750000 2.61608
24760000 2.6162
24770000 2.61638
24780000 2.61704
24790000 2.61799
24800000 2.61785
24810000 2.61775
24820000 2.61717
24830000 2.61742
24840000 2.61767
24850000 2.61775
24860000 2.61715
24870000 2.61635
24880000 2.61677
24890000 2.61735
24900000 2.61753
24910000 2.61754
24920000 2.61824
24930000 2.61919
24940000 2.61956
24950000 2.61976
24960000 2.61986
24970000 2.61941
24980000 2.62029
24990000 2.62034
25000000 2.62055
25010000 2.62102
25020000 2.62142
25030000 2.62189
25040000 2.62226
25050000 2.62333
25060000 2.6245
25070000 2.62501
25080000 2.62519
25090000 2.62589
25100000 2.62632
25110000 2.62684
25120000 2.62704
25130000 2.62703
25140000 2.62745
25150000 2.6281
25160000 2.62846
25170000 2.6281
25180000 2.62813
25190000 2.62831
25200000 2.62825
25210000 2.62843
25220000 2.62803
25230000 2.6281
25240000 2.62798
25250000 2.62741
25260000 2.62659
25270000 2.62562
25280000 2.62514
25290000 2.62477
25300000 2.62441
25310000 2.62471
25320000 2.62461
25330000 2.62354
25340000 2.62258
25350000 2.62161
25360000 2.62043
25370000 2.6198
25380000 2.61961
25390000 2.61952
25400000 2.61896
25410000 2.61908
25420000 2.62018
25430000 2.62043
25440000 2.61988
25450000 2.61949
25460000 2.61898
25470000 2.61886
25480000 2.61878
25490000 2.61911
25500000 2.61946
25510000 2.61935
25520000 2.61905
25530000 2.61889
25540000 2.61965
25550000 2.62066
25560000 2.62062
25570000 2.62008
25580000 2.6193
25590000 2.61897
25600000 2.61935
25610000 2.61963
25620000 2.61999
25630000 2.6199
25640000 2.61923
25650000 2.61839
25660000 2.61788
25670000 2.61753
25680000 2.61668
25690000 2.61606
25700000 2.61602
25710000 2.61619
25720000 2.61606
25730000 2.61572
25740000 2.61567
25750000 2.6154
25760000 2.61504
25770000 2.61443
25780000 2.61459
25790000 2.61428
25800000 2.61453
25810000 2.61416
25820000 2.61421
25830000 2.61423
25840000 2.61389
25850000 2.61357
25860000 2.61256
25870000 2.61169
25880000 2.61107
25890000 2.61078
25900000 2.61063
25910000 2.61049
25920000 2.61016
25930000 2.61016
25940000 2.60958
25950000 2.60889
25960000 2.60873
25970000 2.60866
25980000 2.6088
25990000 2.60913
26000000 2.60922
26010000 2.60932
26020000 2.60983
26030000 2.61026
26040000 2.61021
26050000 2.60937
26060000 2.60866
26070000 2.60837
26080000 2.60836
26090000 2.60892
26100000 2.60951
26110000 2.60961
26120000 2.60962
26130000 2.61001
26140000 2.61033
26150000 2.61097
26160000 2.61125
26170000 2.61124
26180000 2.61115
26190000 2.61092
26200000 2.61091
26210000 2.61105
26220000 2.6107
26230000 2.61051
26240000 2.61059
26250000 2.61038
26260000 2.60989
26270000 2.60876
26280000 2.60783
26290000 2.60712
26300000 2.60695
26310000 2.60766
26320000 2.60788
26330000 2.60776
26340000 2.60829
26350000 2.60841
26360000 2.60823
26370000 2.60741
26380000 2.60684
26390000 2.60618
26400000 2.60591
26410000 2.6055
26420000 2.60526
26430000 2.60562
26440000 2.60611
26450000 2.60703
26460000 2.60804
26470000 2.60933
26480000 2.60996
26490000 2.61021
26500000 2.61037
26510000 2.61065
26520000 2.6115
26530000 2.61234
26540000 2.61284
26550000 2.61341
26560000 2.61359
26570000 2.61398
26580000 2.615
26590000 2.6159
26600000 2.61622
26610000 2.6161
26620000 2.6167
26630000 2.61744
26640000 2.61763
26650000 2.61778
26660000 2.61831
26670000 2.61919
26680000 2.62016
26690000 2.62086
26700000 2.62094
26710000 2.62167
26720000 2.6228
26730000 2.62309
26740000 2.62335
26750000 2.62308
26760000 2.6229
26770000 2.62334
26780000 2.62427
26790000 2.62547
26800000 2.62615
26810000 2.62681
26820000 2.62637
26830000 2.62605
26840000 2.62524
26850000 2.62455
26860000 2.6236
26870000 2.62373
26880000 2.62403
26890000 2.6246
26900000 2.62478
26910000 2.62456
26920000 2.62427
26930000 2.62492
26940000 2.62485
26950000 2.62459
26960000 2.6249
26970000 2.62505
26980000 2.62462
26990000 2.62448
27000000 2.62445
27010000 2.62465
27020000 2.62469
27030000 2.62437
27040000 2.62434
27050000 2.62382
27060000 2.62324
27070000 2.62262
27080000 2.62193
27090000 2.62159
27100000 2.62112
27110000 2.62129
27120000 2.62145
27130000 2.62137
27140000 2.62081
27150000 2.62066
27160000 2.62048
27170000 2.62051
27180000 2.62121
27190000 2.62179
27200000 2.62171
27210000 2.62159
27220000 2.62204
27230000 2.62318
27240000 2.62348
27250000 2.62373
27260000 2.62396
27270000 2.62421
27280000 2.6243
27290000 2.62486
27300000 2.62452
27310000 2.62354
27320000 2.62279
27330000 2.62255
27340000 2.62275
27350000 2.62307
27360000 2.62344
27370000 2.62381
27380000 2.62467
27390000 2.62489
27400000 2.62475
27410000 2.62457
27420000 2.62438
27430000 2.62447
27440000 2.62502
27450000 2.62497
27460000 2.62494
27470000 2.62482
27480000 2.62451
27490000 2.62491
27500000 2.6252
27510000 2.62592
27520000 2.62661
27530000 2.62777
27540000 2.6288
27550000 2.6294
27560000 2.62972
27570000 2.62996
27580000 2.6309
27590000 2.63196
27600000 2.63257
27610000 2.63284
27620000 2.63327
27630000 2.6343
27640000 2.63511
27650000 2.63553
27660000 2.6356
27670000 2.63573
27680000 2.63588
27690000 2.63604
27700000 2.63681
27710000 2.63764
27720000 2.63758
27730000 2.63742
27740000 2.63692
27750000 2.63682
27760000 2.63693
27770000 2.63738
27780000 2.63796
27790000 2.63806
27800000 2.63774
27810000 2.63759
27820000 2.63771
27830000 2.6371
27840000 2.63603
27850000 2.63494
27860000 2.63397
27870000 2.63363
27880000 2.63271
27890000 2.63227
27900000 2.63172
27910000 2.63116
27920000 2.62994
27930000 2.62971
27940000 2.62974
27950000 2.63
27960000 2.63026
27970000 2.63031
27980000 2.6307
27990000 2.63061
28000000 2.6308
28010000 2.63139
28020000 2.63186
28030000 2.63175
28040000 2.63144
28050000 2.63152
28060000 2.6313
28070000 2.63178
28080000 2.63236
28090000 2.63299
28100000 2.63341
28110000 2.63428
28120000 2.63527
28130000 2.63619
28140000 2.63752
28150000 2.63784
28160000 2.63756
28170000 2.63755
28180000 2.63771
28190000 2.63789
28200000 2.63776
28210000 2.63798
28220000 2.63847
28230000 2.63887
28240000 2.63912
28250000 2.63842
28260000 2.63792
28270000 2.63741
28280000 2.63696
28290000 2.63658
28300000 2.63589
28310000 2.63513
28320000 2.63553
28330000 2.63603
28340000 2.63689
28350000 2.63759
28360000 2.63774
28370000 2.63741
28380000 2.63717
28390000 2.63739
28400000 2.63779
28410000 2.63798
28420000 2.63798
28430000 2.63781
28440000 2.63781
28450000 2.63735
28460000 2.63753
28470000 2.63825
28480000 2.63874
28490000 2.63911
28500000 2.63905
28510000 2.63956
28520000 2.6398
28530000 2.63915
28540000 2.63907
28550000 2.63953
28560000 2.63991
28570000 2.6393
28580000 2.63924
28590000 2.63958
28600000 2.6398
28610000 2.63932
28620000 2.63903
28630000 2.63921
28640000 2.63911
28650000 2.63886
28660000 2.63885
28670000 2.63839
28680000 2.63842
28690000 2.63841
28700000 2.63801
28710000 2.63801
28720000 2.63807
28730000 2.63835
28740000 2.63853
28750000 2.63868
28760000 2.63903
28770000 2.63894
28780000 2.63871
28790000 2.63888
28800000 2.6385
28810000 2.63796
28820000 2.63745
28830000 2.63696
28840000 2.63626
28850000 2.63526
28860000 2.63397
28870000 2.63262
28880000 2.63178
28890000 2.63102
28900000 2.63022
28910000 2.62943
28920000 2.62839
28930000 2.6278
28940000 2.62688
28950000 2.62636
28960000 2.62598
28970000 2.62552
28980000 2.62475
28990000 2.62433
29000000 2.62446
29010000 2.6238
29020000 2.6239
29030000 2.62335
29040000 2.62333
29050000 2.62357
29060000 2.62459
29070000 2.62509
29080000 2.62478
29090000 2.62456
29100000 2.62475
29110000 2.62504
29120000 2.6254
29130000 2.62607
29140000 2.62665
29150000 2.62654
29160000 2.62633
29170000 2.62592
29180000 2.62567
29190000 2.62498
29200000 2.62442
29210000 2.62331
29220000 2.62298
29230000 2.6234
29240000 2.62338
29250000 2.62293
29260000 2.62202
29270000 2.62193
29280000 2.62198
29290000 2.62269
29300000 2.62328
29310000 2.62416
29320000 2.62544
29330000 2.62631
29340000 2.62737
29350000 2.62791
29360000 2.62811
29370000 2.62772
29380000 2.62828
29390000 2.62848
29400000 2.62914
29410000 2.62962
29420000 2.62953
29430000 2.62941
29440000 2.62968
29450000 2.62987
29460000 2.62963
29470000 2.62968
29480000 2.62992
29490000 2.63032
29500000 2.63126
29510000 2.63183
29520000 2.6324
29530000 2.63252
29540000 2.63249
29550000 2.63225
29560000 2.63218
29570000 2.63252
29580000 2.63257
29590000 2.63284
29600000 2.63315
29610000 2.63363
29620000 2.63404
29630000 2.63432
29640000 2.63409
29650000 2.63432
29660000 2.63456
29670000 2.63421
29680000 2.63336
29690000 2.63283
29700000 2.63278
29710000 2.63261
29720000 2.63219
29730000 2.63211
29740000 2.63242
29750000 2.63272
29760000 2.63287
29770000 2.6332
29780000 2.63329
29790000 2.63405
29800000 2.63461
29810000 2.63483
29820000 2.63529
29830000 2.63597
29840000 2.63613
29850000 2.63555
29860000 2.63505
29870000 2.63415
29880000 2.63376
29890000 2.63404
29900000 2.63383
29910000 2.63364
29920000 2.63331
29930000 2.63222
29940000 2.63189
29950000 2.63181
29960000 2.63186
29970000 2.63161
29980000 2.63139
29990000 2.63135
30000000 2.63071
30010000 2.62956
30020000 2.62854
30030000 2.62787
30040000 2.62758
30050000 2.62741
30060000 2.62748
30070000 2.62808
30080000 2.62822
30090000 2.62757
30100000 2.62718
30110000 2.62681
30120000 2.62667
30130000 2.62637
30140000 2.6262
30150000 2.62652
30160000 2.62639
30170000 2.6264
30180000 2.62634
30190000 2.62641
30200000 2.62646
30210000 2.62636
30220000 2.6265
30230000 2.6253
30240000 2.62467
30250000 2.62401
30260000 2.62352
30270000 2.62293
30280000 2.62253
30290000 2.62207
30300000 2.62229
30310000 2.62131
30320000 2.61986
30330000 2.6189
30340000 2.6182
30350000 2.61741
30360000 2.61726
30370000 2.61729
30380000 2.61724
30390000 2.61796
30400000 2.61858
30410000 2.61889
30420000 2.61951
30430000 2.62027
30440000 2.62078
30450000 2.62107
30460000 2.62075
30470000 2.61975
30480000 2.61941
30490000 2.61878
30500000 2.61811
30510000 2.61774
30520000 2.61669
30530000 2.61582
30540000 2.61591
30550000 2.61611
30560000 2.61575
30570000 2.61581
30580000 2.61577
30590000 2.61657
30600000 2.61658
30610000 2.6164
30620000 2.61623
30630000 2.61598
30640000 2.61579
30650000 2.61643
30660000 2.61673
30670000 2.61713
30680000 2.61722
30690000 2.61666
30700000 2.61581
30710000 2.61474
30720000 2.61371
30730000 2.61271
30740000 2.61253
30750000 2.61256
30760000 2.61258
30770000 2.61269
30780000 2.6128
30790000 2.61321
30800000 2.61367
30810000 2.61413
30820000 2.61448
30830000 2.61469
30840000 2.61433
30850000 2.61379
30860000 2.61347
30870000 2.61283
30880000 2.61179
30890000 2.61146
30900000 2.61141
30910000 2.61109
30920000 2.61102
30930000 2.61111
30940000 2.61068
30950000 2.61017
30960000 2.60973
30970000 2.60923
30980000 2.60837
30990000 2.60773
31000000 2.60664
31010000 2.60698
31020000 2.60809
31030000 2.60924
31040000 2.60989
31050000 2.61011
31060000 2.6103
31070000 2.61005
31080000 2.60963
31090000 2.60921
31100000 2.60869
31110000 2.60791
31120000 2.60723
31130000 2.60673
31140000 2.60657
31150000 2.60692
31160000 2.60728
31170000 2.60747
31180000 2.60819
31190000 2.60841
31200000 2.60837
31210000 2.60812
31220000 2.60798
31230000 2.60806
31240000 2.60812
31250000 2.60784
31260000 2.60687
31270000 2.60566
31280000 2.60516
31290000 2.60519
31300000 2.60615
31310000 2.60741
31320000 2.60794
31330000 2.60822
31340000 2.60926
31350000 2.6107
31360000 2.611
31370000 2.61144
31380000 2.61226
31390000 2.61354
31400000 2.61351
31410000 2.613
31420000 2.6126
31430000 2.61268
31440000 2.61284
31450000 2.61259
31460000 2.61279
31470000 2.61274
31480000 2.61226
31490000 2.61202
31500000 2.61252
31510000 2.61282
31520000 2.61299
31530000 2.61344
31540000 2.61385
31550000 2.61349
31560000 2.61308
31570000 2.61371
31580000 2.61399
31590000 2.61454
31600000 2.61486
31610000 2.61477
31620000 2.61474
31630000 2.61471
31640000 2.61461
31650000 2.61496
31660000 2.61422
31670000 2.61388
31680000 2.61371
31690000 2.61383
31700000 2.61417
31710000 2.61408
31720000 2.61368
31730000 2.61375
31740000 2.61393
31750000 2.61389
31760000 2.61454
31770000 2.61568
31780000 2.61587
31790000 2.61572
31800000 2.61542
31810000 2.61494
31820000 2.61447
31830000 2.61387
31840000 2.61309
31850000 2.61207
31860000 2.61133
31870000 2.61108
31880000 2.61049
31890000 2.60999
31900000 2.60987
31910000 2.61028
31920000 2.6108
31930000 2.6108
31940000 2.61039
31950000 2.61065
31960000 2.61138
31970000 2.61122
31980000 2.61128
31990000 2.61103
32000000 2.61149
32010000 2.61168
32020000 2.6118
32030000 2.61211
32040000 2.61271
32050000 2.61322
32060000 2.6135
32070000 2.61305
32080000 2.6126
32090000 2.61212
32100000 2.61265
32110000 2.61263
32120000 2.61326
32130000 2.61349
32140000 2.61329
32150000 2.61305
32160000 2.61246
32170000 2.61195
32180000 2.61175
32190000 2.61209
32200000 2.61237
32210000 2.61254
32220000 2.6133
32230000 2.61387
32240000 2.61463
32250000 2.61534
32260000 2.61604
32270000 2.61605
32280000 2.61543
32290000 2.61499
32300000 2.61509
32310000 2.61526
32320000 2.61618
32330000 2.61692
32340000 2.61746
32350000 2.61753
32360000 2.61737
32370000 2.61636
32380000 2.61585
32390000 2.61581
32400000 2.61584
32410000 2.61565
32420000 2.61538
32430000 2.61513
32440000 2.61536
32450000 2.61538
32460000 2.61567
32470000 2.61623
32480000 2.61709
32490000 2.61781
32500000 2.61813
32510000 2.61861
32520000 2.61888
32530000 2.61887
32540000 2.61849
32550000 2.61782
32560000 2.61712
32570000 2.61669
32580000 2.61662
32590000 2.61638
32600000 2.61622
32610000 2.61644
32620000 2.6163
32630000 2.61616
32640000 2.61553
32650000 2.61442
32660000 2.61415
32670000 2.61421
32680000 2.61423
32690000 2.61445
32700000 2.61462
32710000 2.61529
32720000 2.61532
32730000 2.61497
32740000 2.6147
32750000 2.61472
32760000 2.61461
32770000 2.61443
32780000 2.6135
32790000 2.6131
32800000 2.61271
32810000 2.61217
32820000 2.61178
32830000 2.61163
32840000 2.61129
32850000 2.6114
32860000 2.61119
32870000 2.61028
32880000 2.60969
32890000 2.60945
32900000 2.60922
32910000 2.60936
32920000 2.6097
32930000 2.60971
32940000 2.60927
32950000 2.60841
32960000 2.60796
32970000 2.60734
32980000 2.60704
32990000 2.60752
33000000 2.60727
33010000 2.60706
33020000 2.60673
33030000 2.60603
33040000 2.60487
33050000 2.60423
33060000 2.60418
33070000 2.60398
33080000 2.60404
33090000 2.60443
33100000 2.60432
33110000 2.60436
33120000 2.60512
33130000 2.60567
33140000 2.60545
33150000 2.60534
33160000 2.60538
33170000 2.60579
33180000 2.60626
33190000 2.60724
33200000 2.60796
33210000 2.60826
33220000 2.60801
33230000 2.6082
33240000 2.60904
33250000 2.60966
33260000 2.61032
33270000 2.61048
33280000 2.61043
33290000 2.61025
33300000 2.61007
33310000 2.60961
33320000 2.60988
33330000 2.6094
33340000 2.60969
33350000 2.6103
33360000 2.6108
33370000 2.61121
33380000 2.61171
33390000 2.61258
33400000 2.61296
33410000 2.6135
33420000 2.61401
33430000 2.6146
33440000 2.61547
33450000 2.61614
33460000 2.61573
33470000 2.6158
33480000 2.61631
33490000 2.61699
33500000 2.61711
33510000 2.61668
33520000 2.61611
33530000 2.61499
33540000 2.61451
33550000 2.61391
33560000 2.61349
33570000 2.61397
33580000 2.61469
33590000 2.61483
33600000 2.61433
33610000 2.61451
33620000 2.61515
33630000 2.61493
33640000 2.61573
33650000 2.61674
33660000 2.6178
33670000 2.61773
33680000 2.61733
33690000 2.61692
33700000 2.61729
33710000 2.61788
33720000 2.61825
33730000 2.61822
33740000 2.61767
33750000 2.61727
33760000 2.61724
33770000 2.61764
33780000 2.61807
33790000 2.61842
33800000 2.61825
33810000 2.61819
33820000 2.61791
33830000 2.61794
33840000 2.6179
33850000 2.6182
33860000 2.61899
33870000 2.61969
33880000 2.62046
33890000 2.62076
33900000 2.62132
33910000 2.62144
33920000 2.62097
33930000 2.62069
33940000 2.62108
33950000 2.6213
33960000 2.62111
33970000 2.62134
33980000 2.62157
33990000 2.62164
34000000 2.62172
34010000 2.62201
34020000 2.62263
34030000 2.62332
34040000 2.62442
34050000 2.62513
34060000 2.62532
34070000 2.62531
34080000 2.62542
34090000 2.62584
34100000 2.62628
34110000 2.62664
34120000 2.62739
34130000 2.6279
34140000 2.6291
34150000 2.62954
34160000 2.62971
34170000 2.62984
34180000 2.62966
34190000 2.62935
34200000 2.62879
34210000 2.62817
34220000 2.62754
34230000 2.627
34240000 2.62648
34250000 2.6255
34260000 2.62505
34270000 2.62488
34280000 2.62573
34290000 2.62589
34300000 2.62602
34310000 2.62592
34320000 2.62558
34330000 2.62442
34340000 2.62368
34350000 2.62343
34360000 2.62384
34370000 2.62427
34380000 2.62438
34390000 2.62417
34400000 2.62428
34410000 2.6246
34420000 2.62497
34430000 2.62583
34440000 2.62655
34450000 2.62663
34460000 2.62613
34470000 2.62588
34480000 2.62555
34490000 2.62512
34500000 2.62495
34510000 2.62536
34520000 2.62503
34530000 2.62441
34540000 2.62385
34550000 2.6231
34560000 2.62242
34570000 2.62198
34580000 2.62186
34590000 2.62198
34600000 2.62131
34610000 2.62067
34620000 2.61988
34630000 2.61935
34640000 2.61934
34650000 2.62054
34660000 2.62135
34670000 2.62261
34680000 2.62335
34690000 2.62405
34700000 2.62499
34710000 2.6257
34720000 2.62645
34730000 2.62702
34740000 2.62749
34750000 2.62749
34760000 2.62662
34770000 2.62566
34780000 2.6251
34790000 2.62417
34800000 2.62379
34810000 2.62396
34820000 2.62499
34830000 2.62521
34840000 2.62572
34850000 2.62664
34860000 2.62686
34870000 2.62723
34880000 2.62625
34890000 2.62531
34900000 2.62531
34910000 2.62519
34920000 2.6248
34930000 2.62364
34940000 2.62249
34950000 2.62143
34960000 2.62106
34970000 2.6209
34980000 2.61988
34990000 2.61992
35000000 2.61995
35010000 2.61997
35020000 2.62016
35030000 2.62005
35040000 2.62003
35050000 2.61953
35060000 2.61915
35070000 2.61925
35080000 2.61985
35090000 2.61977
35100000 2.61978
35110000 2.62
35120000 2.61976
35130000 2.61939
35140000 2.61907
35150000 2.61863
35160000 2.61806
35170000 2.61812
35180000 2.61774
35190000 2.61722
35200000 2.61669
35210000 2.61607
35220000 2.61572
35230000 2.6157
35240000 2.61574
35250000 2.61605
35260000 2.61656
35270000 2.61699
35280000 2.61764
35290000 2.61797
35300000 2.61847
35310000 2.61855
35320000 2.61857
35330000 2.61955
35340000 2.62056
35350000 2.62132
35360000 2.62205
35370000 2.6225
35380000 2.623
35390000 2.62338
35400000 2.6243
35410000 2.62574
35420000 2.62616
35430000 2.62681
35440000 2.628
35450000 2.62964
35460000 2.63057
35470000 2.63114
35480000 2.63191
35490000 2.63184
35500000 2.63156
35510000 2.6311
35520000 2.63073
35530000 2.62962
35540000 2.62868
35550000 2.62735
35560000 2.62778
35570000 2.62809
35580000 2.62822
35590000 2.62865
35600000 2.62902
35610000 2.62886
35620000 2.6285
35630000 2.62797
35640000 2.62778
35650000 2.62745
35660000 2.62717
35670000 2.62732
35680000 2.62805
35690000 2.62819
35700000 2.62811
35710000 2.62824
35720000 2.6285
35730000 2.62868
35740000 2.62865
35750000 2.62886
35760000 2.62881
35770000 2.6292
35780000 2.62936
35790000 2.62984
35800000 2.63028
35810000 2.63127
35820000 2.63165
35830000 2.63213
35840000 2.63339
35850000 2.63499
35860000 2.63637
35870000 2.63731
35880000 2.63709
35890000 2.63693
35900000 2.63689
35910000 2.6361
35920000 2.63509
35930000 2.63477
35940000 2.63518
35950000 2.63561
35960000 2.63622
35970000 2.63728
35980000 2.63747
35990000 2.63741
36000000 2.63724
36010000 2.63699
36020000 2.63647
36030000 2.63602
36040000 2.63585
36050000 2.63634
36060000 2.63701
36070000 2.6375
36080000 2.63792
36090000 2.63821
36100000 2.63785
36110000 2.63734
36120000 2.6373
36130000 2.63719
36140000 2.63673
36150000 2.63666
36160000 2.63661
36170000 2.63703
36180000 2.63787
36190000 2.63874
36200000 2.63957
36210000 2.63999
36220000 2.64043
36230000 2.64022
36240000 2.63991
36250000 2.63969
36260000 2.63995
36270000 2.64061
36280000 2.64116
36290000 2.64094
36300000 2.64058
36310000 2.64033
36320000 2.64102
36330000 2.64151
36340000 2.6413
36350000 2.6411
36360000 2.64181
36370000 2.64214
36380000 2.64178
36390000 2.64213
36400000 2.64225
36410000 2.64208
36420000 2.64244
36430000 2.64237
36440000 2.64176
36450000 2.64134
36460000 2.64113
36470000 2.64099
36480000 2.64111
36490000 2.64184
36500000 2.64209
36510000 2.64206
36520000 2.64161
36530000 2.64076
36540000 2.64007
36550000 2.63939
36560000 2.63926
36570000 2.63895
36580000 2.63836
36590000 2.63799
36600000 2.63797
36610000 2.63835
36620000 2.6385
36630000 2.63877
36640000 2.6393
36650000 2.63971
36660000 2.63957
36670000 2.63864
36680000 2.63775
36690000 2.63714
36700000 2.63749
36710000 2.63716
36720000 2.63676
36730000 2.63683
36740000 2.63749
36750000 2.6386
36760000 2.63926
36770000 2.6392
36780000 2.63858
36790000 2.6372
36800000 2.63648
36810000 2.63598
36820000 2.63584
36830000 2.63652
36840000 2.63644
36850000 2.6363
36860000 2.63628
36870000 2.63575
36880000 2.63578
36890000 2.63562
36900000 2.63591
36910000 2.63664
36920000 2.63783
36930000 2.63848
36940000 2.63925
36950000 2.64013
36960000 2.64061
36970000 2.64038
36980000 2.64016
36990000 2.64008
37000000 2.64059
37010000 2.64053
37020000 2.63983
37030000 2.63893
37040000 2.63805
37050000 2.63833
37060000 2.63873
37070000 2.63918
37080000 2.6398
37090000 2.64045
37100000 2.64055
37110000 2.63996
37120000 2.63925
37130000 2.63861
37140000 2.63909
37150000 2.63846
37160000 2.63837
37170000 2.63785
37180000 2.63689
37190000 2.6363
37200000 2.63583
37210000 2.63576
37220000 2.63501
37230000 2.63389
37240000 2.63347
37250000 2.63316
37260000 2.63288
37270000 2.63251
37280000 2.63234
37290000 2.63145
37300000 2.63117
37310000 2.63157
37320000 2.63168
37330000 2.63245
37340000 2.63329
37350000 2.63359
37360000 2.63298
37370000 2.6318
37380000 2.63035
37390000 2.62933
37400000 2.62897
37410000 2.62871
37420000 2.62857
37430000 2.62857
37440000 2.62833
37450000 2.62796
37460000 2.62717
37470000 2.62669
37480000 2.62661
37490000 2.62609
37500000 2.62579
37510000 2.62598
37520000 2.62629
37530000 2.62562
37540000 2.62482
37550000 2.62418
37560000 2.62411
37570000 2.62427
37580000 2.62347
37590000 2.62308
37600000 2.62274
37610000 2.62252
37620000 2.62212
37630000 2.62187
37640000 2.62211
37650000 2.62179
37660000 2.6218
37670000 2.62119
37680000 2.62054
37690000 2.62004
37700000 2.61937
37710000 2.61878
37720000 2.61858
37730000 2.61836
37740000 2.61805
37750000 2.61732
37760000 2.61648
37770000 2.61618
37780000 2.61632
37790000 2.61673
37800000 2.61621
37810000 2.61542
37820000 2.61483
37830000 2.61502
37840000 2.61552
37850000 2.61605
37860000 2.61658
37870000 2.61697
37880000 2.61767
37890000 2.61803
37900000 2.61806
37910000 2.61791
37920000 2.61824
37930000 2.61829
37940000 2.61803
37950000 2.61772
37960000 2.61744
37970000 2.61735
37980000 2.61685
37990000 2.6168
38000000 2.61615
38010000 2.61553
38020000 2.61561
38030000 2.61555
38040000 2.61544
38050000 2.61542
38060000 2.61546
38070000 2.61509
38080000 2.61444
38090000 2.61397
38100000 2.61355
38110000 2.61312
38120000 2.61246
38130000 2.6114
38140000 2.61012
38150000 2.61019
38160000 2.6108
38170000 2.61174
38180000 2.61251
38190000 2.61273
38200000 2.6133
38210000 2.61349
38220000 2.61309
38230000 2.61252
38240000 2.61232
38250000 2.61201
38260000 2.61199
38270000 2.61174
38280000 2.61163
38290000 2.61187
38300000 2.613
38310000 2.61345
38320000 2.61345
38330000 2.61343
38340000 2.61364
38350000 2.61328
38360000 2.61307
38370000 2.61296
38380000 2.61336
38390000 2.61375
38400000 2.61418
38410000 2.61492
38420000 2.61563
38430000 2.61652
38440000 2.6168
38450000 2.61727
38460000 2.61742
38470000 2.61665
38480000 2.61579
38490000 2.61521
38500000 2.61523
38510000 2.61474
38520000 2.61473
38530000 2.61478
38540000 2.6145
38550000 2.6141
38560000 2.61436
38570000 2.6154
38580000 2.61577
38590000 2.61593
38600000 2.61579
38610000 2.61635
38620000 2.61694
38630000 2.61781
38640000 2.6187
38650000 2.61916
38660000 2.61854
38670000 2.61815
38680000 2.61792
38690000 2.61714
38700000 2.61738
38710000 2.61769
38720000 2.61774
38730000 2.61745
38740000 2.61725
38750000 2.61688
38760000 2.61675
38770000 2.61702
38780000 2.61735
38790000 2.61783
38800000 2.61846
38810000 2.6193
38820000 2.62052
38830000 2.62145
38840000 2.62203
38850000 2.62219
38860000 2.62309
38870000 2.62374
38880000 2.62422
38890000 2.62525
38900000 2.6255
38910000 2.62629
38920000 2.62751
38930000 2.62833
38940000 2.62866
38950000 2.62853
38960000 2.62869
38970000 2.62868
38980000 2.62934
38990000 2.62988
39000000 2.6297
39010000 2.63034
39020000 2.63045
39030000 2.63101
39040000 2.63109
39050000 2.63123
39060000 2.6303
39070000 2.6295
39080000 2.62933
39090000 2.62897
39100000 2.62921
39110000 2.62879
39120000 2.6284
39130000 2.62845
39140000 2.62873
39150000 2.6293
39160000 2.6295
39170000 2.62927
39180000 2.62916
39190000 2.62901
39200000 2.62869
39210000 2.62883
39220000 2.62901
39230000 2.62869
39240000 2.6287
39250000 2.62973
39260000 2.63048
39270000 2.63009
39280000 2.62907
39290000 2.62796
39300000 2.62694
39310000 2.62582
39320000 2.62442
39330000 2.62383
39340000 2.62324
39350000 2.62324
39360000 2.6237
39370000 2.62438
39380000 2.62457
39390000 2.62465
39400000 2.624
39410000 2.62357
39420000 2.62411
39430000 2.62476
39440000 2.62476
39450000 2.62485
39460000 2.62556
39470000 2.62591
39480000 2.62595
39490000 2.62579
39500000 2.62504
39510000 2.624
39520000 2.62365
39530000 2.62375
39540000 2.62393
39550000 2.62434
39560000 2.62494
39570000 2.62517
39580000 2.62563
39590000 2.62646
39600000 2.62662
39610000 2.62625
39620000 2.62586
39630000 2.62512
39640000 2.62453
39650000 2.62436
39660000 2.62418
39670000 2.62368
39680000 2.62401
39690000 2.62452
39700000 2.62523
39710000 2.62529
39720000 2.62469
39730000 2.62374
39740000 2.62285
39750000 2.62254
39760000 2.62188
39770000 2.6214
39780000 2.62116
39790000 2.6206
39800000 2.62025
39810000 2.6205
39820000 2.62068
39830000 2.62087
39840000 2.62101
39850000 2.62146
39860000 2.6213
39870000 2.62173
39880000 2.62299
39890000 2.62365
39900000 2.62421
39910000 2.62399
39920000 2.62392
39930000 2.62388
39940000 2.62337
39950000 2.62255
39960000 2.62294
39970000 2.62351
39980000 2.6238
39990000 2.62373
40000000 2.62427
40010000 2.62481
40020000 2.62506
40030000 2.6259
40040000 2.62613
40050000 2.62598
40060000 2.62567
40070000 2.62571
40080000 2.62589
40090000 2.62568
40100000 2.62548
40110000 2.62503
40120000 2.62471
40130000 2.62483
40140000 2.62499
40150000 2.62528
40160000 2.62567
40170000 2.62576
40180000 2.62562
40190000 2.62507
40200000 2.62537
40210000 2.62578
40220000 2.62504
40230000 2.62538
40240000 2.62537
40250000 2.62577
40260000 2.62605
40270000 2.62653
40280000 2.62701
40290000 2.62738
40300000 2.62715
40310000 2.6274
40320000 2.6275
40330000 2.62738
40340000 2.62673
40350000 2.6265
40360000 2.62591
40370000 2.62523
40380000 2.62531
40390000 2.62485
40400000 2.62459
40410000 2.62461
40420000 2.62386
40430000 2.62366
40440000 2.62361
40450000 2.62427
40460000 2.62483
40470000 2.62567
40480000 2.62588
40490000 2.62593
40500000 2.6263
40510000 2.62629
40520000 2.62682
40530000 2.62721
40540000 2.6278
40550000 2.62861
40560000 2.6295
40570000 2.63023
40580000 2.6302
40590000 2.62946
40600000 2.62959
40610000 2.63012
40620000 2.63046
40630000 2.63045
40640000 2.63076
40650000 2.63066
40660000 2.6305
40670000 2.63011
40680000 2.62948
40690000 2.62921
40700000 2.62906
40710000 2.62955
40720000 2.62998
40730000 2.63055
40740000 2.63091
40750000 2.63104
40760000 2.6311
40770000 2.63119
40780000 2.63134
40790000 2.63116
40800000 2.6307
40810000 2.63011
40820000 2.62958
40830000 2.62921
40840000 2.62929
40850000 2.6297
40860000 2.62994
40870000 2.63027
40880000 2.63081
40890000 2.63053
40900000 2.62996
40910000 2.62952
40920000 2.62954
40930000 2.62932
40940000 2.62921
40950000 2.62913
40960000 2.62915
40970000 2.62925
40980000 2.62966
40990000 2.63024
41000000 2.63104
41010000 2.63127
41020000 2.63048
41030000 2.62963
41040000 2.62933
41050000 2.62926
41060000 2.62921
41070000 2.6296
41080000 2.6302
41090000 2.63047
41100000 2.63114
41110000 2.6315
41120000 2.63155
41130000 2.63137
41140000 2.63142
41150000 2.63141
41160000 2.63128
41170000 2.63087
41180000 2.63071
41190000 2.6308
41200000 2.63084
41210000 2.63049
41220000 2.63027
41230000 2.62992
41240000 2.6293
41250000 2.6292
41260000 2.62965
41270000 2.6305
41280000 2.63131
41290000 2.63178
41300000 2.63185
41310000 2.6313
41320000 2.63123
41330000 2.63109
41340000 2.63077
41350000 2.62968
41360000 2.62943
41370000 2.62877
41380000 2.62778
41390000 2.62708
41400000 2.62724
41410000 2.62764
41420000 2.62805
41430000 2.62855
41440000 2.62854
41450000 2.62879
41460000 2.62834
41470000 2.62757
41480000 2.62736
41490000 2.62709
41500000 2.62706
41510000 2.62739
41520000 2.62727
41530000 2.62747
41540000 2.62808
41550000 2.62881
41560000 2.62974
41570000 2.62971
41580000 2.62989
41590000 2.62968
41600000 2.62901
41610000 2.6292
41620000 2.62971
41630000 2.63007
41640000 2.63061
41650000 2.63095
41660000 2.63203
41670000 2.63267
41680000 2.63274
41690000 2.63308
41700000 2.63329
41710000 2.63345
41720000 2.63369
41730000 2.634
41740000 2.63454
41750000 2.63479
41760000 2.63487
41770000 2.63513
41780000 2.63494
41790000 2.63525
41800000 2.63541
41810000 2.63581
41820000 2.63624
41830000 2.63657
41840000 2.63667
41850000 2.63647
41860000 2.63662
41870000 2.6366
41880000 2.63702
41890000 2.6377
41900000 2.63782
41910000 2.63849
41920000 2.63918
41930000 2.64018
41940000 2.64105
41950000 2.64168
41960000 2.64168
41970000 2.64191
41980000 2.64225
41990000 2.64221
42000000 2.64204
42010000 2.64184
42020000 2.6421
42030000 2.64189
42040000 2.64126
42050000 2.64138
42060000 2.64205
42070000 2.6434
42080000 2.64363
42090000 2.64385
42100000 2.64356
42110000 2.64387
42120000 2.64353
42130000 2.64278
42140000 2.64224
42150000 2.64146
42160000 2.64109
42170000 2.64105
42180000 2.64056
42190000 2.63988
42200000 2.63954
42210000 2.63876
42220000 2.63797
42230000 2.63758
42240000 2.63713
42250000 2.63658
42260000 2.63642
42270000 2.63642
42280000 2.63696
42290000 2.63701
42300000 2.63693
42310000 2.63664
42320000 2.6361
42330000 2.63548
42340000 2.63523
42350000 2.63509
42360000 2.63526
42370000 2.63552
42380000 2.63596
42390000 2.63614
42400000 2.63663
42410000 2.63692
42420000 2.6372
42430000 2.63722
42440000 2.63773
42450000 2.63904
42460000 2.63988
42470000 2.64016
42480000 2.63935
42490000 2.63867
42500000 2.63869
42510000 2.6383
42520000 2.6381
42530000 2.63801
42540000 2.63794
42550000 2.63805
42560000 2.63831
42570000 2.6389
42580000 2.63989
42590000 2.64026
42600000 2.64072
42610000 2.64123
42620000 2.64197
42630000 2.6426
42640000 2.64326
42650000 2.64411
42660000 2.64506
42670000 2.64525
42680000 2.64521
42690000 2.64515
42700000 2.64502
42710000 2.64464
42720000 2.64519
42730000 2.64514
42740000 2.64486
42750000 2.64465
42760000 2.64444
42770000 2.64436
42780000 2.64497
42790000 2.64494
42800000 2.64551
42810000 2.64543
42820000 2.64585
42830000 2.64588
42840000 2.64596
42850000 2.64532
42860000 2.64529
42870000 2.64559
42880000 2.64547
42890000 2.64509
42900000 2.64437
42910000 2.64374
42920000 2.64325
42930000 2.64308
42940000 2.64322
42950000 2.64371
42960000 2.64428
42970000 2.64497
42980000 2.64577
42990000 2.64588
43000000 2.64643
43010000 2.64705
43020000 2.64797
43030000 2.64858
43040000 2.64926
43050000 2.64926
43060000 2.64926
43070000 2.64931
43080000 2.64954
43090000 2.64966
43100000 2.64974
43110000 2.64965
43120000 2.64912
43130000 2.64834
43140000 2.64835
43150000 2.64813
43160000 2.64761
43170000 2.64748
43180000 2.64786
43190000 2.64738
43200000 2.64732
43210000 2.64723
43220000 2.64747
43230000 2.64749
43240000 2.64685
43250000 2.64637
43260000 2.64639
43270000 2.64649
43280000 2.64642
43290000 2.64555
43300000 2.645
43310000 2.64496
43320000 2.645
43330000 2.64537
43340000 2.64509
43350000 2.64437
43360000 2.64331
43370000 2.64278
43380000 2.6424
43390000 2.64177
43400000 2.64153
43410000 2.64184
43420000 2.64249
43430000 2.6424
43440000 2.64156
43450000 2.6411
43460000 2.64088
43470000 2.64067
43480000 2.64029
43490000 2.64053
43500000 2.64049
43510000 2.64094
43520000 2.64157
43530000 2.64202
43540000 2.64244
43550000 2.64312
43560000 2.64395
43570000 2.64469
43580000 2.64443
43590000 2.64451
43600000 2.64551
43610000 2.64536
43620000 2.64455
43630000 2.64446
43640000 2.6444
43650000 2.64447
43660000 2.64474
43670000 2.64523
43680000 2.64531
43690000 2.6462
43700000 2.64636
43710000 2.64689
43720000 2.64701
43730000 2.64669
43740000 2.6467
43750000 2.64669
43760000 2.64676
43770000 2.64619
43780000 2.64559
43790000 2.64408
43800000 2.6439
43810000 2.64332
43820000 2.64288
43830000 2.6425
43840000 2.64277
43850000 2.64282
43860000 2.642
43870000 2.64134
43880000 2.64082
43890000 2.64092
43900000 2.641
43910000 2.64125
43920000 2.64153
43930000 2.64111
43940000 2.64069
43950000 2.64051
43960000 2.64091
43970000 2.64158
43980000 2.64213
43990000 2.64251
44000000 2.64281
44010000 2.64265
44020000 2.64234
44030000 2.64181
44040000 2.64122
44050000 2.64053
44060000 2.64051
44070000 2.64083
44080000 2.6406
44090000 2.64032
44100000 2.63981
44110000 2.64007
44120000 2.63984
44130000 2.63902
44140000 2.63788
44150000 2.63763
44160000 2.63808
44170000 2.63829
44180000 2.63851
44190000 2.63862
44200000 2.63875
44210000 2.63843
44220000 2.63795
44230000 2.63757
44240000 2.63717
44250000 2.63704
44260000 2.6371
44270000 2.63697
44280000 2.63598
44290000 2.63474
44300000 2.63417
44310000 2.6345
44320000 2.63485
44330000 2.63569
44340000 2.63588
44350000 2.63602
44360000 2.63593
44370000 2.63547
44380000 2.63579
44390000 2.63639
44400000 2.63672
44410000 2.63646
44420000 2.63618
44430000 2.63505
44440000 2.63428
44450000 2.63382
44460000 2.63356
44470000 2.63339
44480000 2.63348
44490000 2.63314
44500000 2.63283
44510000 2.63198
44520000 2.63173
44530000 2.63181
44540000 2.632
44550000 2.63239
44560000 2.63303
44570000 2.63328
44580000 2.63375
44590000 2.63392
44600000 2.63401
44610000 2.63428
44620000 2.63448
44630000 2.63479
44640000 2.63482
44650000 2.6337
44660000 2.63297
44670000 2.632
44680000 2.63139
44690000 2.63065
44700000 2.62957
44710000 2.62945
44720000 2.62954
44730000 2.62948
44740000 2.62972
44750000 2.63046
44760000 2.63069
44770000 2.63104
44780000 2.63061
44790000 2.6303
44800000 2.63029
44810000 2.62984
44820000 2.6289
44830000 2.62844
44840000 2.62768
44850000 2.62637
44860000 2.62592
44870000 2.62581
44880000 2.62637
44890000 2.62676
44900000 2.62581
44910000 2.62468
44920000 2.62426
44930000 2.62426
44940000 2.62504
44950000 2.62656
44960000 2.62752
44970000 2.62822
44980000 2.62852
44990000 2.62853
45000000 2.62839
45010000 2.62812
45020000 2.62731
45030000 2.62717
45040000 2.62696
45050000 2.62671
45060000 2.62654
45070000 2.6261
45080000 2.62568
45090000 2.625
45100000 2.62402
45110000 2.62297
45120000 2.62251
45130000 2.62208
45140000 2.62183
45150000 2.62187
45160000 2.62221
45170000 2.62246
45180000 2.62312
45190000 2.6235
45200000 2.62359
45210000 2.62368
45220000 2.62388
45230000 2.62395
45240000 2.6237
45250000 2.62366
45260000 2.62374
45270000 2.62409
45280000 2.62394
45290000 2.62402
45300000 2.62431
45310000 2.62492
45320000 2.62527
45330000 2.6245
45340000 2.62388
45350000 2.62357
45360000 2.62386
45370000 2.6239
45380000 2.62284
45390000 2.62196
45400000 2.62163
45410000 2.62038
45420000 2.61878
45430000 2.61783
45440000 2.61663
45450000 2.61482
45460000 2.61424
45470000 2.61425
45480000 2.61354
45490000 2.61291
45500000 2.61234
45510000 2.61248
45520000 2.61278
45530000 2.61341
45540000 2.61335
45550000 2.61389
45560000 2.61353
45570000 2.61351
45580000 2.61377
45590000 2.61385
45600000 2.61326
45610000 2.61264
45620000 2.61249
45630000 2.61248
45640000 2.61264
45650000 2.61326
45660000 2.61397
45670000 2.61429
45680000 2.6142
45690000 2.61475
45700000 2.61519
45710000 2.6151
45720000 2.61542
45730000 2.61633
45740000 2.61702
45750000 2.61729
45760000 2.618
45770000 2.61774
45780000 2.61726
45790000 2.61662
45800000 2.61602
45810000 2.61558
45820000 2.61553
45830000 2.6151
45840000 2.61425
45850000 2.61331
45860000 2.6126
45870000 2.61247
45880000 2.61284
45890000 2.61303
45900000 2.61332
45910000 2.61404
45920000 2.61492
45930000 2.61513
45940000 2.61474
45950000 2.61487
45960000 2.61399
45970000 2.61252
45980000 2.6119
45990000 2.61174
46000000 2.61207
46010000 2.61303
46020000 2.61347
46030000 2.61373
46040000 2.61416
46050000 2.61419
46060000 2.61429
46070000 2.61448
46080000 2.6146
46090000 2.61444
46100000 2.6143
46110000 2.61479
46120000 2.61549
46130000 2.61657
46140000 2.6172
46150000 2.61665
46160000 2.61689
46170000 2.61726
46180000 2.6169
46190000 2.61658
46200000 2.6163
46210000 2.61661
46220000 2.61644
46230000 2.61698
46240000 2.61782
46250000 2.61874
46260000 2.61912
46270000 2.61944
46280000 2.61913
46290000 2.61945
46300000 2.61938
46310000 2.61905
46320000 2.61791
46330000 2.617
46340000 2.61678
46350000 2.61733
46360000 2.61757
46370000 2.6173
46380000 2.6174
46390000 2.6169
46400000 2.61672
46410000 2.61676
46420000 2.61603
46430000 2.61544
46440000 2.61557
46450000 2.61606
46460000 2.61612
46470000 2.6151
46480000 2.61382
46490000 2.61249
46500000 2.6119
46510000 2.61175
46520000 2.61148
46530000 2.6114
46540000 2.61235
46550000 2.61328
46560000 2.61302
46570000 2.61277
46580000 2.61266
46590000 2.61223
46600000 2.61211
46610000 2.61179
46620000 2.61115
46630000 2.61039
46640000 2.60951
46650000 2.60875
46660000 2.60849
46670000 2.60874
46680000 2.60894
46690000 2.60955
46700000 2.61027
46710000 2.61044
46720000 2.61064
46730000 2.61043
46740000 2.61
46750000 2.60998
46760000 2.61011
46770000 2.61082
46780000 2.61152
46790000 2.61252
46800000 2.61317
46810000 2.6128
46820000 2.61288
46830000 2.61281
46840000 2.61377
46850000 2.61472
46860000 2.61548
46870000 2.61535
46880000 2.61456
46890000 2.61382
46900000 2.61348
46910000 2.61288
46920000 2.61156
46930000 2.61082
46940000 2.61018
46950000 2.60937
46960000 2.60856
46970000 2.60887
46980000 2.60953
46990000 2.61026
47000000 2.61097
47010000 2.61164
47020000 2.61234
47030000 2.61255
47040000 2.61254
47050000 2.6128
47060000 2.61295
47070000 2.61314
47080000 2.6127
47090000 2.61242
47100000 2.61249
47110000 2.61264
47120000 2.61323
47130000 2.61423
47140000 2.61432
47150000 2.61453
47160000 2.61443
47170000 2.61471
47180000 2.61517
47190000 2.61481
47200000 2.61452
47210000 2.61415
47220000 2.61457
47230000 2.61534
47240000 2.61573
47250000 2.61651
47260000 2.61693
47270000 2.61719
47280000 2.61782
47290000 2.61797
47300000 2.61825
47310000 2.6181
47320000 2.61863
47330000 2.61881
47340000 2.61849
47350000 2.61779
47360000 2.61794
47370000 2.61895
47380000 2.61965
47390000 2.62012
47400000 2.62002
47410000 2.6201
47420000 2.61989
47430000 2.61972
47440000 2.61909
47450000 2.6194
47460000 2.6205
47470000 2.62118
47480000 2.6211
47490000 2.6215
47500000 2.62201
47510000 2.6217
47520000 2.62132
47530000 2.6215
47540000 2.62206
47550000 2.62286
47560000 2.62318
47570000 2.62343
47580000 2.62435
47590000 2.62481
47600000 2.62502
47610000 2.62506
47620000 2.6255
47630000 2.62566
47640000 2.62535
47650000 2.62571
47660000 2.62623
47670000 2.62737
47680000 2.62858
47690000 2.62935
47700000 2.62983
47710000 2.63023
47720000 2.63088
47730000 2.63158
47740000 2.63257
47750000 2.63329
47760000 2.6336
47770000 2.63297
47780000 2.63178
47790000 2.63092
47800000 2.6308
47810000 2.63057
47820000 2.63054
47830000 2.63017
47840000 2.62988
47850000 2.6299
47860000 2.62983
47870000 2.62934
47880000 2.62857
47890000 2.62789
47900000 2.62777
47910000 2.62841
47920000 2.62924
47930000 2.62966
47940000 2.62978
47950000 2.63008
47960000 2.63122
47970000 2.63205
47980000 2.63299
47990000 2.63339
48000000 2.63393
48010000 2.63508
48020000 2.63519
48030000 2.63506
48040000 2.63506
48050000 2.63516
48060000 2.6359
48070000 2.63659
48080000 2.63764
48090000 2.63847
48100000 2.63939
48110000 2.63982
48120000 2.63977
48130000 2.64046
48140000 2.64133
48150000 2.64187
48160000 2.64193
48170000 2.64178
48180000 2.64142
48190000 2.64136
48200000 2.6408
48210000 2.64031
48220000 2.64037
48230000 2.64072
48240000 2.6404
48250000 2.6402
48260000 2.63997
48270000 2.64009
48280000 2.64004
48290000 2.63969
48300000 2.639
48310000 2.63877
48320000 2.63881
48330000 2.63835
48340000 2.63803
48350000 2.63881
48360000 2.6395
48370000 2.6402
48380000 2.64044
48390000 2.64032
48400000 2.63995
48410000 2.63925
48420000 2.63884
48430000 2.63836
48440000 2.63844
48450000 2.63833
48460000 2.63828
48470000 2.63851
48480000 2.639
48490000 2.63929
48500000 2.63942
48510000 2.64013
48520000 2.64061
48530000 2.64101
48540000 2.64185
48550000 2.64228
48560000 2.64243
48570000 2.64232
48580000 2.64204
48590000 2.64121
48600000 2.64071
48610000 2.63981
48620000 2.6385
48630000 2.63702
48640000 2.63559
48650000 2.63435
48660000 2.63397
48670000 2.63409
48680000 2.63347
48690000 2.6338
48700000 2.63384
48710000 2.63374
48720000 2.63388
48730000 2.63448
48740000 2.63505
48750000 2.63529
48760000 2.63486
48770000 2.63459
48780000 2.6347
48790000 2.63473
48800000 2.6349
48810000 2.63491
48820000 2.63455
48830000 2.63443
48840000 2.63457
48850000 2.63501
48860000 2.63454
48870000 2.63434
48880000 2.63412
48890000 2.63325
48900000 2.6329
48910000 2.63211
48920000 2.63103
48930000 2.63066
48940000 2.63075
48950000 2.63094
48960000 2.63052
48970000 2.62999
48980000 2.62889
48990000 2.62772
49000000 2.62704
49010000 2.62623
49020000 2.62587
49030000 2.62565
49040000 2.62563
49050000 2.62552
49060000 2.62566
49070000 2.62568
49080000 2.62579
49090000 2.62575
49100000 2.62511
49110000 2.6252
49120000 2.6251
49130000 2.62435
49140000 2.62424
49150000 2.62428
49160000 2.62411
49170000 2.6242
49180000 2.62396
49190000 2.62366
49200000 2.62368
49210000 2.62418
49220000 2.62511
49230000 2.62576
49240000 2.62623
49250000 2.62606
49260000 2.62584
49270000 2.62643
49280000 2.62744
49290000 2.62755
49300000 2.62759
49310000 2.62814
49320000 2.62874
49330000 2.62863
49340000 2.62824
49350000 2.62802
49360000 2.62801
49370000 2.62787
49380000 2.62747
49390000 2.62754
49400000 2.62791
49410000 2.62826
49420000 2.62849
49430000 2.62791
49440000 2.62777
49450000 2.62733
49460000 2.6262
49470000 2.62535
49480000 2.62465
49490000 2.62421
49500000 2.62489
49510000 2.62594
49520000 2.62654
49530000 2.62683
49540000 2.62759
49550000 2.62812
49560000 2.62791
49570000 2.62734
49580000 2.62659
49590000 2.62494
49600000 2.62407
49610000 2.62358
49620000 2.62322
49630000 2.62329
49640000 2.62377
49650000 2.62372
49660000 2.62341
49670000 2.62307
49680000 2.62254
49690000 2.62206
49700000 2.62105
49710000 2.62036
49720000 2.61995
49730000 2.61979
49740000 2.61947
49750000 2.61876
49760000 2.6186
49770000 2.61887
49780000 2.61948
49790000 2.61994
49800000 2.62057
49810000 2.6207
49820000 2.6204
49830000 2.62011
49840000 2.6198
49850000 2.61909
49860000 2.61907
49870000 2.61917
49880000 2.61885
49890000 2.61891
49900000 2.61898
49910000 2.61961
49920000 2.62004
49930000 2.62108
49940000 2.62243
49950000 2.62373
49960000 2.62367
49970000 2.62305
49980000 2.62271
49990000 2.62293
50000000 2.62245
