# Time-averaged data for fix aveRg
# TimeStep c_Rg
20000 5.46555
30000 5.25798
40000 5.11098
50000 4.98483
60000 4.88938
70000 4.79367
80000 4.69032
90000 4.59944
100000 4.53831
110000 4.4309
120000 4.35989
130000 4.32708
140000 4.28965
150000 4.24369
160000 4.18951
170000 4.16915
180000 4.14624
190000 4.13828
200000 4.12997
210000 4.12114
220000 4.10451
230000 4.0962
240000 4.08011
250000 4.05398
260000 4.04601
270000 4.0388
280000 4.03633
290000 4.01051
300000 3.98934
310000 3.969
320000 3.93087
330000 3.88548
340000 3.84323
350000 3.80961
360000 3.77234
370000 3.74606
380000 3.71637
390000 3.69375
400000 3.66729
410000 3.64285
420000 3.62064
430000 3.613
440000 3.60616
450000 3.59813
460000 3.58392
470000 3.56126
480000 3.54786
490000 3.53045
500000 3.51721
510000 3.50494
520000 3.49353
530000 3.48871
540000 3.48913
550000 3.48213
560000 3.48564
570000 3.49176
580000 3.49135
590000 3.48978
600000 3.48683
610000 3.49033
620000 3.50014
630000 3.50007
640000 3.51019
650000 3.51899
660000 3.52278
670000 3.52221
680000 3.52717
690000 3.53684
700000 3.54856
710000 3.55208
720000 3.5525
730000 3.55821
740000 3.56399
750000 3.56265
760000 3.56401
770000 3.57214
780000 3.58123
790000 3.58655
800000 3.59314
810000 3.61137
820000 3.63078
830000 3.63781
840000 3.64346
850000 3.64984
860000 3.64973
870000 3.65275
880000 3.65332
890000 3.65426
900000 3.65711
910000 3.65976
920000 3.65829
930000 3.65959
940000 3.6588
950000 3.65257
960000 3.64327
970000 3.6318
980000 3.61973
990000 3.6112
1000000 3.60205
1010000 3.59125
1020000 3.58177
1030000 3.57221
1040000 3.56866
1050000 3.56286
1060000 3.55898
1070000 3.55723
1080000 3.56225
1090000 3.56803
1100000 3.57201
1110000 3.57807
1120000 3.58236
1130000 3.58494
1140000 3.59034
1150000 3.59974
1160000 3.60846
1170000 3.6165
1180000 3.62442
1190000 3.63619
1200000 3.64518
1210000 3.6551
1220000 3.66403
1230000 3.66774
1240000 3.66786
1250000 3.6664
1260000 3.66779
1270000 3.66383
1280000 3.66418
1290000 3.66741
1300000 3.66806
1310000 3.66912
1320000 3.66865
1330000 3.6699
1340000 3.67552
1350000 3.6853
1360000 3.69253
1370000 3.70408
1380000 3.71072
1390000 3.71585
1400000 3.72025
1410000 3.71764
1420000 3.71246
1430000 3.70554
1440000 3.70012
1450000 3.69703
1460000 3.69184
1470000 3.68771
1480000 3.68942
1490000 3.68943
1500000 3.69075
1510000 3.69324
1520000 3.69547
1530000 3.701
1540000 3.70418
1550000 3.70641
1560000 3.70717
1570000 3.70438
1580000 3.70367
1590000 3.70171
1600000 3.69468
1610000 3.68898
1620000 3.68562
1630000 3.68044
1640000 3.67592
1650000 3.67106
1660000 3.66613
1670000 3.66257
1680000 3.65764
1690000 3.6565
1700000 3.65128
1710000 3.64544
1720000 3.64026
1730000 3.6353
1740000 3.63092
1750000 3.62617
1760000 3.62186
1770000 3.6163
1780000 3.60954
1790000 3.60339
1800000 3.60046
1810000 3.59942
1820000 3.5976
1830000 3.59637
1840000 3.59665
1850000 3.59398
1860000 3.59345
1870000 3.594
1880000 3.59584
1890000 3.59711
1900000 3.59883
1910000 3.60505
1920000 3.60976
1930000 3.6124
1940000 3.61584
1950000 3.61841
1960000 3.61961
1970000 3.61962
1980000 3.6187
1990000 3.61619
2000000 3.61589
2010000 3.61592
2020000 3.61519
2030000 3.61428
2040000 3.61218
2050000 3.61188
2060000 3.61344
2070000 3.61557
2080000 3.61851
2090000 3.61904
2100000 3.61844
2110000 3.6156
2120000 3.61132
2130000 3.60683
2140000 3.60322
2150000 3.60042
2160000 3.59696
2170000 3.59446
2180000 3.5934
2190000 3.59344
2200000 3.59462
2210000 3.59753
2220000 3.6001
2230000 3.60325
2240000 3.60485
2250000 3.60714
2260000 3.60622
2270000 3.60607
2280000 3.60776
2290000 3.61167
2300000 3.61498
2310000 3.61588
2320000 3.6165
2330000 3.61521
2340000 3.61257
2350000 3.61206
2360000 3.61358
2370000 3.61592
2380000 3.61586
2390000 3.61455
2400000 3.61489
2410000 3.61619
2420000 3.62016
2430000 3.62192
2440000 3.62197
2450000 3.62133
2460000 3.62045
2470000 3.61925
2480000 3.61796
2490000 3.6191
2500000 3.62094
2510000 3.61994
2520000 3.61928
2530000 3.61805
2540000 3.61619
2550000 3.61465
2560000 3.61434
2570000 3.61278
2580000 3.60975
2590000 3.60648
2600000 3.60267
2610000 3.59777
2620000 3.59362
2630000 3.59193
2640000 3.59038
2650000 3.58997
2660000 3.59088
2670000 3.59162
2680000 3.59122
2690000 3.58951
2700000 3.58801
2710000 3.58734
2720000 3.58614
2730000 3.58414
2740000 3.58229
2750000 3.5811
2760000 3.58085
2770000 3.57902
2780000 3.57839
2790000 3.57732
2800000 3.57492
2810000 3.57347
2820000 3.57067
2830000 3.56805
2840000 3.56554
2850000 3.56473
2860000 3.56355
2870000 3.5621
2880000 3.56287
2890000 3.56356
2900000 3.56391
2910000 3.56295
2920000 3.56021
2930000 3.5579
2940000 3.55577
2950000 3.5539
2960000 3.55353
2970000 3.5539
2980000 3.55465
2990000 3.55643
3000000 3.56001
3010000 3.56324
3020000 3.56665
3030000 3.56992
3040000 3.57199
3050000 3.57436
3060000 3.57494
3070000 3.57533
3080000 3.57607
3090000 3.57545
3100000 3.57539
3110000 3.57623
3120000 3.5768
3130000 3.57616
3140000 3.57483
3150000 3.57419
3160000 3.57261
3170000 3.57049
3180000 3.56908
3190000 3.56867
3200000 3.56763
3210000 3.56719
3220000 3.5673
3230000 3.56756
3240000 3.56927
3250000 3.56962
3260000 3.57067
3270000 3.57131
3280000 3.56985
3290000 3.56802
3300000 3.56703
3310000 3.56743
3320000 3.5687
3330000 3.56994
3340000 3.5705
3350000 3.57283
3360000 3.57545
3370000 3.57793
3380000 3.58085
3390000 3.58177
3400000 3.58089
3410000 3.57991
3420000 3.57848
3430000 3.5777
3440000 3.57624
3450000 3.57536
3460000 3.57442
3470000 3.574
3480000 3.57535
3490000 3.57707
3500000 3.57691
3510000 3.57686
3520000 3.5776
3530000 3.57893
3540000 3.58029
3550000 3.58257
3560000 3.5865
3570000 3.5888
3580000 3.59132
3590000 3.59438
3600000 3.59552
3610000 3.59631
3620000 3.59751
3630000 3.59631
3640000 3.59662
3650000 3.60049
3660000 3.60384
3670000 3.60525
3680000 3.60599
3690000 3.60642
3700000 3.60665
3710000 3.60938
3720000 3.61273
3730000 3.61547
3740000 3.61875
3750000 3.6215
3760000 3.62375
3770000 3.62632
3780000 3.62704
3790000 3.62701
3800000 3.62746
3810000 3.62833
3820000 3.63028
3830000 3.63169
3840000 3.63345
3850000 3.63364
3860000 3.63319
3870000 3.63249
3880000 3.63438
3890000 3.63447
3900000 3.63385
3910000 3.63238
3920000 3.63035
3930000 3.62799
3940000 3.62533
3950000 3.62303
3960000 3.62077
3970000 3.61784
3980000 3.6155
3990000 3.61445
4000000 3.61421
4010000 3.61438
4020000 3.61397
4030000 3.61255
4040000 3.61094
4050000 3.60981
4060000 3.60775
4070000 3.60519
4080000 3.60343
4090000 3.60045
4100000 3.59803
4110000 3.59583
4120000 3.59345
4130000 3.59143
4140000 3.59004
4150000 3.59017
4160000 3.5885
4170000 3.58636
4180000 3.58434
4190000 3.5825
4200000 3.58066
4210000 3.5791
4220000 3.57779
4230000 3.57565
4240000 3.57312
4250000 3.57044
4260000 3.56718
4270000 3.56478
4280000 3.56279
4290000 3.56087
4300000 3.5589
4310000 3.55665
4320000 3.55492
4330000 3.55413
4340000 3.55293
4350000 3.55255
4360000 3.55496
4370000 3.55733
4380000 3.55868
4390000 3.55987
4400000 3.56118
4410000 3.56174
4420000 3.56261
4430000 3.56304
4440000 3.56333
4450000 3.56308
4460000 3.56259
4470000 3.56172
4480000 3.56182
4490000 3.56133
4500000 3.56049
4510000 3.55992
4520000 3.5599
4530000 3.55827
4540000 3.5567
4550000 3.55552
4560000 3.55412
4570000 3.55278
4580000 3.55189
4590000 3.55172
4600000 3.55112
4610000 3.55006
4620000 3.54894
4630000 3.54894
4640000 3.54937
4650000 3.55058
4660000 3.55092
4670000 3.55162
4680000 3.55223
4690000 3.55257
4700000 3.55357
4710000 3.55422
4720000 3.55422
4730000 3.55464
4740000 3.5557
4750000 3.55636
4760000 3.55705
4770000 3.55778
4780000 3.55858
4790000 3.55989
4800000 3.56095
4810000 3.56268
4820000 3.56477
4830000 3.5672
4840000 3.57027
4850000 3.57337
4860000 3.57564
4870000 3.57622
4880000 3.57678
4890000 3.57845
4900000 3.58099
4910000 3.58317
4920000 3.58338
4930000 3.58296
4940000 3.58352
4950000 3.58443
4960000 3.58515
4970000 3.58482
4980000 3.58399
4990000 3.58425
5000000 3.58554
5010000 3.58742
5020000 3.58801
5030000 3.58754
5040000 3.58691
5050000 3.58589
5060000 3.58492
5070000 3.58381
5080000 3.583
5090000 3.58246
5100000 3.58201
5110000 3.58076
5120000 3.57929
5130000 3.57777
5140000 3.57683
5150000 3.57508
5160000 3.57362
5170000 3.5724
5180000 3.57236
5190000 3.57248
5200000 3.57178
5210000 3.57082
5220000 3.57003
5230000 3.5684
5240000 3.56716
5250000 3.56659
5260000 3.56575
5270000 3.56473
5280000 3.56348
5290000 3.563
5300000 3.5623
5310000 3.56131
5320000 3.56062
5330000 3.55997
5340000 3.55922
5350000 3.55842
5360000 3.55806
5370000 3.55714
5380000 3.5562
5390000 3.55549
5400000 3.55435
5410000 3.55393
5420000 3.55288
5430000 3.55161
5440000 3.55067
5450000 3.54997
5460000 3.5497
5470000 3.5501
5480000 3.54999
5490000 3.55024
5500000 3.55017
5510000 3.5497
5520000 3.54935
5530000 3.54842
5540000 3.54828
5550000 3.54828
5560000 3.5495
5570000 3.55056
5580000 3.55167
5590000 3.55226
5600000 3.55194
5610000 3.55214
5620000 3.55169
5630000 3.55179
5640000 3.55173
5650000 3.55157
5660000 3.55128
5670000 3.55156
5680000 3.55247
5690000 3.55387
5700000 3.55515
5710000 3.55602
5720000 3.55739
5730000 3.55805
5740000 3.55879
5750000 3.55963
5760000 3.56001
5770000 3.56094
5780000 3.56154
5790000 3.56214
5800000 3.56256
5810000 3.56224
5820000 3.56247
5830000 3.56237
5840000 3.56223
5850000 3.56127
5860000 3.56129
5870000 3.56323
5880000 3.56391
5890000 3.56501
5900000 3.5661
5910000 3.56616
5920000 3.5663
5930000 3.56626
5940000 3.56635
5950000 3.56625
5960000 3.56712
5970000 3.56718
5980000 3.56748
5990000 3.56754
6000000 3.56804
6010000 3.56825
6020000 3.56868
6030000 3.56895
6040000 3.56925
6050000 3.56916
6060000 3.56948
6070000 3.56922
6080000 3.56867
6090000 3.56851
6100000 3.56724
6110000 3.56586
6120000 3.56424
6130000 3.56389
6140000 3.56394
6150000 3.56381
6160000 3.56337
6170000 3.56349
6180000 3.56377
6190000 3.56386
6200000 3.56297
6210000 3.56176
6220000 3.56175
6230000 3.56142
6240000 3.56088
6250000 3.56042
6260000 3.55979
6270000 3.55955
6280000 3.55981
6290000 3.55969
6300000 3.56
6310000 3.56025
6320000 3.5606
6330000 3.56081
6340000 3.56027
6350000 3.55964
6360000 3.55904
6370000 3.55927
6380000 3.55926
6390000 3.55947
6400000 3.56009
6410000 3.56055
6420000 3.56052
6430000 3.55944
6440000 3.55837
6450000 3.55781
6460000 3.5575
6470000 3.55711
6480000 3.55599
6490000 3.55572
6500000 3.55569
6510000 3.55463
6520000 3.55385
6530000 3.55259
6540000 3.55187
6550000 3.55129
6560000 3.55058
6570000 3.54965
6580000 3.54927
6590000 3.54949
6600000 3.54848
6610000 3.54775
6620000 3.54607
6630000 3.54461
6640000 3.54302
6650000 3.54182
6660000 3.54061
6670000 3.53957
6680000 3.53872
6690000 3.538
6700000 3.53722
6710000 3.53716
6720000 3.53748
6730000 3.53665
6740000 3.53594
6750000 3.53582
6760000 3.53562
6770000 3.53561
6780000 3.53593
6790000 3.53649
6800000 3.53686
6810000 3.53717
6820000 3.53668
6830000 3.53608
6840000 3.53573
6850000 3.5347
6860000 3.53421
6870000 3.53367
6880000 3.53222
6890000 3.53112
6900000 3.53069
6910000 3.53196
6920000 3.53245
6930000 3.53259
6940000 3.53247
6950000 3.5315
6960000 3.53091
6970000 3.5303
6980000 3.52895
6990000 3.52846
7000000 3.52873
7010000 3.52822
7020000 3.52739
7030000 3.52652
7040000 3.52597
7050000 3.52494
7060000 3.52429
7070000 3.52351
7080000 3.52284
7090000 3.52218
7100000 3.52168
7110000 3.52154
7120000 3.52153
7130000 3.52243
7140000 3.52446
7150000 3.52564
7160000 3.5257
7170000 3.52587
7180000 3.5255
7190000 3.52544
7200000 3.52566
7210000 3.52586
7220000 3.52497
7230000 3.52464
7240000 3.52488
7250000 3.5257
7260000 3.52606
7270000 3.52649
7280000 3.52635
7290000 3.52525
7300000 3.52418
7310000 3.52324
7320000 3.52226
7330000 3.5216
7340000 3.52066
7350000 3.51924
7360000 3.51844
7370000 3.51845
7380000 3.51838
7390000 3.51862
7400000 3.51898
7410000 3.51894
7420000 3.51869
7430000 3.51778
7440000 3.51741
7450000 3.51677
7460000 3.51552
7470000 3.51405
7480000 3.51338
7490000 3.51281
7500000 3.51298
7510000 3.51306
7520000 3.51292
7530000 3.51291
7540000 3.51268
7550000 3.51241
7560000 3.51152
7570000 3.51086
7580000 3.51047
7590000 3.50939
7600000 3.5091
7610000 3.5088
7620000 3.50825
7630000 3.50798
7640000 3.5079
7650000 3.50758
7660000 3.50743
7670000 3.50711
7680000 3.5071
7690000 3.50749
7700000 3.50816
7710000 3.50832
7720000 3.50848
7730000 3.50853
7740000 3.5084
7750000 3.50788
7760000 3.5074
7770000 3.50719
7780000 3.50675
7790000 3.50634
7800000 3.50661
7810000 3.50735
7820000 3.50796
7830000 3.50808
7840000 3.50732
7850000 3.50691
7860000 3.50604
7870000 3.50497
7880000 3.50362
7890000 3.50241
7900000 3.50089
7910000 3.49977
7920000 3.49867
7930000 3.49735
7940000 3.4963
7950000 3.49501
7960000 3.49387
7970000 3.49277
7980000 3.49167
7990000 3.49048
8000000 3.4895
8010000 3.48932
8020000 3.48916
8030000 3.48819
8040000 3.48712
8050000 3.48629
8060000 3.48556
8070000 3.48575
8080000 3.48606
8090000 3.48679
8100000 3.4877
8110000 3.48854
8120000 3.48938
8130000 3.48918
8140000 3.48876
8150000 3.48804
8160000 3.48742
8170000 3.48692
8180000 3.48651
8190000 3.48632
8200000 3.48687
8210000 3.48786
8220000 3.48881
8230000 3.48948
8240000 3.49014
8250000 3.4917
8260000 3.49262
8270000 3.49352
8280000 3.49539
8290000 3.49771
8300000 3.49988
8310000 3.50212
8320000 3.50386
8330000 3.50504
8340000 3.50589
8350000 3.5069
8360000 3.5079
8370000 3.5087
8380000 3.50873
8390000 3.508
8400000 3.50778
8410000 3.5077
8420000 3.50737
8430000 3.50708
8440000 3.50735
8450000 3.50809
8460000 3.50915
8470000 3.50938
8480000 3.50865
8490000 3.50784
8500000 3.50687
8510000 3.50579
8520000 3.50498
8530000 3.5039
8540000 3.50275
8550000 3.50183
8560000 3.50107
8570000 3.49985
8580000 3.49866
8590000 3.49763
8600000 3.49686
8610000 3.49651
8620000 3.49582
8630000 3.49581
8640000 3.49606
8650000 3.49682
8660000 3.49787
8670000 3.49844
8680000 3.49892
8690000 3.49916
8700000 3.49872
8710000 3.49869
8720000 3.49881
8730000 3.49893
8740000 3.499
8750000 3.49959
8760000 3.50052
8770000 3.50124
8780000 3.50105
8790000 3.50015
8800000 3.49918
8810000 3.49881
8820000 3.49827
8830000 3.49769
8840000 3.49733
8850000 3.49691
8860000 3.49623
8870000 3.49532
8880000 3.49506
8890000 3.4953
8900000 3.49609
8910000 3.49655
8920000 3.49672
8930000 3.49719
8940000 3.49721
8950000 3.49792
8960000 3.49888
8970000 3.49982
8980000 3.50012
8990000 3.50017
9000000 3.49971
9010000 3.49967
9020000 3.49967
9030000 3.49961
9040000 3.49929
9050000 3.49927
9060000 3.5001
9070000 3.50089
9080000 3.50201
9090000 3.50304
9100000 3.50413
9110000 3.50473
9120000 3.50493
9130000 3.50478
9140000 3.50435
9150000 3.5036
9160000 3.50265
9170000 3.50173
9180000 3.50152
9190000 3.50162
9200000 3.50125
9210000 3.50098
9220000 3.5006
9230000 3.4998
9240000 3.49917
9250000 3.49903
9260000 3.49931
9270000 3.49979
9280000 3.49931
9290000 3.49852
9300000 3.49809
9310000 3.49742
9320000 3.49688
9330000 3.49611
9340000 3.49541
9350000 3.49515
9360000 3.49523
9370000 3.49508
9380000 3.49456
9390000 3.4946
9400000 3.49453
9410000 3.49412
9420000 3.49394
9430000 3.49378
9440000 3.49433
9450000 3.49483
9460000 3.49536
9470000 3.49606
9480000 3.49661
9490000 3.49687
9500000 3.49697
9510000 3.4967
9520000 3.49674
9530000 3.49705
9540000 3.49724
9550000 3.4977
9560000 3.49882
9570000 3.49984
9580000 3.50097
9590000 3.50171
9600000 3.50217
9610000 3.50249
9620000 3.50248
9630000 3.50211
9640000 3.50207
9650000 3.50176
9660000 3.50126
9670000 3.50076
9680000 3.49994
9690000 3.49912
9700000 3.49851
9710000 3.49851
9720000 3.49866
9730000 3.49882
9740000 3.49922
9750000 3.4995
9760000 3.49932
9770000 3.4989
9780000 3.49862
9790000 3.4984
9800000 3.49778
9810000 3.49693
9820000 3.49625
9830000 3.49539
9840000 3.49487
9850000 3.49422
9860000 3.49371
9870000 3.49364
9880000 3.49357
9890000 3.49316
9900000 3.49321
9910000 3.49354
9920000 3.4936
9930000 3.49423
9940000 3.49404
9950000 3.49397
9960000 3.49403
9970000 3.49431
9980000 3.49493
9990000 3.49552
10000000 3.49572
10010000 3.49583
10020000 3.49361
10030000 3.49163
10040000 3.48973
10050000 3.48825
10060000 3.48667
10070000 3.48564
10080000 3.48522
10090000 3.48496
10100000 3.48416
10110000 3.48384
10120000 3.48291
10130000 3.48197
10140000 3.48133
10150000 3.48148
10160000 3.48157
10170000 3.48099
10180000 3.48034
10190000 3.47954
10200000 3.47898
10210000 3.47864
10220000 3.47831
10230000 3.47749
10240000 3.47689
10250000 3.4761
10260000 3.47502
10270000 3.47393
10280000 3.47298
10290000 3.47233
10300000 3.47208
10310000 3.47259
10320000 3.47354
10330000 3.47501
10340000 3.47624
10350000 3.47759
10360000 3.47894
10370000 3.47965
10380000 3.48053
10390000 3.48106
10400000 3.4822
10410000 3.48381
10420000 3.48582
10430000 3.48746
10440000 3.48962
10450000 3.49166
10460000 3.49353
10470000 3.49569
10480000 3.49729
10490000 3.49889
10500000 3.50033
10510000 3.50111
10520000 3.502
10530000 3.50236
10540000 3.50234
10550000 3.50264
10560000 3.50174
10570000 3.50054
10580000 3.50008
10590000 3.5001
10600000 3.5002
10610000 3.50007
10620000 3.49942
10630000 3.49942
10640000 3.4994
10650000 3.49972
10660000 3.50057
10670000 3.50185
10680000 3.50232
10690000 3.50197
10700000 3.50138
10710000 3.50119
10720000 3.50101
10730000 3.50142
10740000 3.5014
10750000 3.50126
10760000 3.50032
10770000 3.49864
10780000 3.49682
10790000 3.49573
10800000 3.49439
10810000 3.49226
10820000 3.48974
10830000 3.48823
10840000 3.48698
10850000 3.48621
10860000 3.4855
10870000 3.48475
10880000 3.48423
10890000 3.48356
10900000 3.48279
10910000 3.48184
10920000 3.48148
10930000 3.48098
10940000 3.48076
10950000 3.48109
10960000 3.48136
10970000 3.48235
10980000 3.48374
10990000 3.48431
11000000 3.48488
11010000 3.48551
11020000 3.48583
11030000 3.4859
11040000 3.48526
11050000 3.48525
11060000 3.48472
11070000 3.48376
11080000 3.48276
11090000 3.48232
11100000 3.48229
11110000 3.48163
11120000 3.48102
11130000 3.48028
11140000 3.47937
11150000 3.47782
11160000 3.4765
11170000 3.47543
11180000 3.47483
11190000 3.47393
11200000 3.47277
11210000 3.47158
11220000 3.47009
11230000 3.46896
11240000 3.46848
11250000 3.46825
11260000 3.46766
11270000 3.46764
11280000 3.46738
11290000 3.46671
11300000 3.46691
11310000 3.46689
11320000 3.46658
11330000 3.46598
11340000 3.46438
11350000 3.46266
11360000 3.46134
11370000 3.45992
11380000 3.45903
11390000 3.45829
11400000 3.45725
11410000 3.45709
11420000 3.45716
11430000 3.45738
11440000 3.45751
11450000 3.45727
11460000 3.45754
11470000 3.4583
11480000 3.4581
11490000 3.45808
11500000 3.45795
11510000 3.45731
11520000 3.4567
11530000 3.45587
11540000 3.45561
11550000 3.45536
11560000 3.45553
11570000 3.45603
11580000 3.45613
11590000 3.45584
11600000 3.45666
11610000 3.45683
11620000 3.45659
11630000 3.4569
11640000 3.45662
11650000 3.45695
11660000 3.45696
11670000 3.45714
11680000 3.4577
11690000 3.45766
11700000 3.45791
11710000 3.45833
11720000 3.45843
11730000 3.45883
11740000 3.45931
11750000 3.45944
11760000 3.45949
11770000 3.4598
11780000 3.46044
11790000 3.46083
11800000 3.46074
11810000 3.46018
11820000 3.45959
11830000 3.45935
11840000 3.45931
11850000 3.45978
11860000 3.46041
11870000 3.46096
11880000 3.46099
11890000 3.46154
11900000 3.46238
11910000 3.46169
11920000 3.46103
11930000 3.46125
11940000 3.46096
11950000 3.46025
11960000 3.45954
11970000 3.45908
11980000 3.45875
11990000 3.45813
12000000 3.45717
12010000 3.4564
12020000 3.45594
12030000 3.45572
12040000 3.45522
12050000 3.45421
12060000 3.45336
12070000 3.4523
12080000 3.45104
12090000 3.45028
12100000 3.44975
12110000 3.44963
12120000 3.44958
12130000 3.44989
12140000 3.45084
12150000 3.45168
12160000 3.45275
12170000 3.45332
12180000 3.45393
12190000 3.454
12200000 3.45303
12210000 3.45147
12220000 3.45027
12230000 3.44947
12240000 3.44921
12250000 3.44872
12260000 3.44899
12270000 3.44948
12280000 3.44947
12290000 3.4489
12300000 3.44837
12310000 3.44786
12320000 3.44716
12330000 3.44679
12340000 3.44654
12350000 3.44572
12360000 3.44467
12370000 3.44336
12380000 3.44248
12390000 3.44201
12400000 3.4407
12410000 3.43953
12420000 3.43795
12430000 3.4372
12440000 3.43667
12450000 3.43611
12460000 3.43559
12470000 3.43504
12480000 3.43452
12490000 3.43376
12500000 3.43248
12510000 3.4317
12520000 3.43089
12530000 3.43014
12540000 3.42949
12550000 3.42931
12560000 3.42867
12570000 3.42831
12580000 3.42816
12590000 3.42821
12600000 3.42835
12610000 3.42914
12620000 3.42973
12630000 3.4301
12640000 3.43027
12650000 3.43006
12660000 3.42951
12670000 3.42916
12680000 3.42904
12690000 3.42963
12700000 3.43046
12710000 3.43046
12720000 3.43102
12730000 3.43146
12740000 3.43142
12750000 3.43141
12760000 3.43085
12770000 3.43044
12780000 3.42977
12790000 3.42903
12800000 3.42917
12810000 3.4294
12820000 3.43013
12830000 3.43062
12840000 3.4309
12850000 3.43114
12860000 3.43181
12870000 3.43278
12880000 3.43281
12890000 3.43285
12900000 3.43225
12910000 3.43195
12920000 3.43176
12930000 3.43146
12940000 3.43168
12950000 3.4327
12960000 3.43317
12970000 3.43352
12980000 3.4339
12990000 3.43438
13000000 3.4342
13010000 3.43342
13020000 3.43266
13030000 3.43309
13040000 3.43379
13050000 3.4341
13060000 3.43467
13070000 3.43484
13080000 3.43452
13090000 3.43462
13100000 3.4345
13110000 3.43455
13120000 3.43468
13130000 3.43473
13140000 3.43472
13150000 3.43444
13160000 3.43481
13170000 3.43577
13180000 3.43639
13190000 3.43677
13200000 3.43782
13210000 3.43896
13220000 3.43955
13230000 3.43984
13240000 3.43955
13250000 3.43965
13260000 3.43949
13270000 3.439
13280000 3.43933
13290000 3.43989
13300000 3.44012
13310000 3.43965
13320000 3.43895
13330000 3.43841
13340000 3.43805
13350000 3.4371
13360000 3.43644
13370000 3.43592
13380000 3.43536
13390000 3.43561
13400000 3.4359
13410000 3.43626
13420000 3.43619
13430000 3.436
13440000 3.43588
13450000 3.4354
13460000 3.43524
13470000 3.43566
13480000 3.4352
13490000 3.43458
13500000 3.43547
13510000 3.43636
13520000 3.43681
13530000 3.43675
13540000 3.43661
13550000 3.4365
13560000 3.43566
13570000 3.43558
13580000 3.43458
13590000 3.43247
13600000 3.43131
13610000 3.43003
13620000 3.42852
13630000 3.42783
13640000 3.42656
13650000 3.42375
13660000 3.42127
13670000 3.41959
13680000 3.41806
13690000 3.41695
13700000 3.41648
13710000 3.41539
13720000 3.41356
13730000 3.41209
13740000 3.4107
13750000 3.40979
13760000 3.40914
13770000 3.40806
13780000 3.40727
13790000 3.40648
13800000 3.40555
13810000 3.40458
13820000 3.40327
13830000 3.40221
13840000 3.40142
13850000 3.40091
13860000 3.40023
13870000 3.39976
13880000 3.39862
13890000 3.39864
13900000 3.39915
13910000 3.40021
13920000 3.40196
13930000 3.40378
13940000 3.40517
13950000 3.40589
13960000 3.40693
13970000 3.4082
13980000 3.40958
13990000 3.41025
14000000 3.41041
14010000 3.41046
14020000 3.4108
14030000 3.41158
14040000 3.41263
14050000 3.41306
14060000 3.41365
14070000 3.41418
14080000 3.41436
14090000 3.41531
14100000 3.41614
14110000 3.41712
14120000 3.41808
14130000 3.41867
14140000 3.41941
14150000 3.41924
14160000 3.42039
14170000 3.42177
14180000 3.42317
14190000 3.42496
14200000 3.4269
14210000 3.42827
14220000 3.42935
14230000 3.43023
14240000 3.43116
14250000 3.43249
14260000 3.43426
14270000 3.43527
14280000 3.43637
14290000 3.43745
14300000 3.43799
14310000 3.43792
14320000 3.43764
14330000 3.43739
14340000 3.43744
14350000 3.43677
14360000 3.43472
14370000 3.43313
14380000 3.43262
14390000 3.4325
14400000 3.43195
14410000 3.43189
14420000 3.43222
14430000 3.43255
14440000 3.43338
14450000 3.43401
14460000 3.43503
14470000 3.43597
14480000 3.43673
14490000 3.43829
14500000 3.43961
14510000 3.44046
14520000 3.44081
14530000 3.44168
14540000 3.44242
14550000 3.44307
14560000 3.44426
14570000 3.44564
14580000 3.44646
14590000 3.44671
14600000 3.44705
14610000 3.44751
14620000 3.44831
14630000 3.44843
14640000 3.44825
14650000 3.44783
14660000 3.44785
14670000 3.44734
14680000 3.44696
14690000 3.44606
14700000 3.44474
14710000 3.44355
14720000 3.44288
14730000 3.44228
14740000 3.44138
14750000 3.44035
14760000 3.43914
14770000 3.4381
14780000 3.43692
14790000 3.43603
14800000 3.43549
14810000 3.4347
14820000 3.43366
14830000 3.4324
14840000 3.431
14850000 3.42933
14860000 3.42805
14870000 3.42759
14880000 3.42661
14890000 3.42514
14900000 3.42342
14910000 3.4225
14920000 3.42216
14930000 3.42224
14940000 3.42151
14950000 3.42056
14960000 3.41965
14970000 3.41934
14980000 3.42047
14990000 3.42146
15000000 3.42184
15010000 3.42186
15020000 3.42269
15030000 3.42385
15040000 3.42464
15050000 3.42535
15060000 3.42605
15070000 3.42708
15080000 3.42719
15090000 3.4271
15100000 3.42728
15110000 3.42786
15120000 3.42885
15130000 3.43002
15140000 3.43076
15150000 3.43191
15160000 3.43291
15170000 3.43443
15180000 3.43474
15190000 3.4345
15200000 3.4349
15210000 3.43542
15220000 3.43592
15230000 3.43727
15240000 3.43853
15250000 3.4389
15260000 3.43905
15270000 3.43961
15280000 3.44029
15290000 3.44037
15300000 3.4402
15310000 3.44045
15320000 3.44052
15330000 3.4402
15340000 3.43984
15350000 3.43969
15360000 3.43907
15370000 3.43845
15380000 3.43763
15390000 3.43702
15400000 3.437
15410000 3.43645
15420000 3.43622
15430000 3.43623
15440000 3.43635
15450000 3.43682
15460000 3.43711
15470000 3.43667
15480000 3.43667
15490000 3.4363
15500000 3.43636
15510000 3.43682
15520000 3.43714
15530000 3.4379
15540000 3.43829
15550000 3.43882
15560000 3.4392
15570000 3.43926
15580000 3.43953
15590000 3.44042
15600000 3.44188
15610000 3.44312
15620000 3.44443
15630000 3.44542
15640000 3.44574
15650000 3.44535
15660000 3.44592
15670000 3.44651
15680000 3.44686
15690000 3.44701
15700000 3.44688
15710000 3.44702
15720000 3.44662
15730000 3.44691
15740000 3.4473
15750000 3.44816
15760000 3.44885
15770000 3.44855
15780000 3.44847
15790000 3.44843
15800000 3.44909
15810000 3.45048
15820000 3.45098
15830000 3.4516
15840000 3.45259
15850000 3.45406
15860000 3.45504
15870000 3.45501
15880000 3.45568
15890000 3.45538
15900000 3.45492
15910000 3.45492
15920000 3.45493
15930000 3.45447
15940000 3.4538
15950000 3.45351
15960000 3.45302
15970000 3.45258
15980000 3.45183
15990000 3.45127
16000000 3.4505
16010000 3.44967
16020000 3.44867
16030000 3.44784
16040000 3.4472
16050000 3.44688
16060000 3.4466
16070000 3.44691
16080000 3.44721
16090000 3.4473
16100000 3.44796
16110000 3.44842
16120000 3.44871
16130000 3.44807
16140000 3.44745
16150000 3.44718
16160000 3.44685
16170000 3.44599
16180000 3.44524
16190000 3.44443
16200000 3.44399
16210000 3.44406
16220000 3.44328
16230000 3.44254
16240000 3.44185
16250000 3.44128
16260000 3.44046
16270000 3.43963
16280000 3.4388
16290000 3.43842
16300000 3.43782
16310000 3.43764
16320000 3.43765
16330000 3.43758
16340000 3.43799
16350000 3.4386
16360000 3.43913
16370000 3.43877
16380000 3.43893
16390000 3.43867
16400000 3.43872
16410000 3.4388
16420000 3.43887
16430000 3.43935
16440000 3.4397
16450000 3.43967
16460000 3.44008
16470000 3.44047
16480000 3.44152
16490000 3.44175
16500000 3.44182
16510000 3.44271
16520000 3.44299
16530000 3.44342
16540000 3.44344
16550000 3.44326
16560000 3.44354
16570000 3.44362
16580000 3.4435
16590000 3.4427
16600000 3.44247
16610000 3.4422
16620000 3.44215
16630000 3.44202
16640000 3.44233
16650000 3.44252
16660000 3.44326
16670000 3.44387
16680000 3.4442
16690000 3.44473
16700000 3.4452
16710000 3.44526
16720000 3.44471
16730000 3.44457
16740000 3.44523
16750000 3.44586
16760000 3.4466
16770000 3.44697
16780000 3.44661
16790000 3.44597
16800000 3.44541
16810000 3.44487
16820000 3.44466
16830000 3.44451
16840000 3.44399
16850000 3.44437
16860000 3.44474
16870000 3.44498
16880000 3.44573
16890000 3.44632
16900000 3.44637
16910000 3.44521
16920000 3.44487
16930000 3.44486
16940000 3.44481
16950000 3.44482
16960000 3.445
16970000 3.44518
16980000 3.446
16990000 3.44651
17000000 3.44663
17010000 3.44769
17020000 3.44824
17030000 3.44864
17040000 3.44886
17050000 3.44957
17060000 3.4496
17070000 3.4496
17080000 3.44963
17090000 3.44916
17100000 3.44882
17110000 3.44882
17120000 3.44864
17130000 3.44737
17140000 3.44537
17150000 3.44394
17160000 3.44311
17170000 3.44244
17180000 3.44267
17190000 3.44269
17200000 3.44214
17210000 3.44155
17220000 3.44179
17230000 3.44182
17240000 3.44144
17250000 3.44086
17260000 3.44046
17270000 3.44004
17280000 3.44068
17290000 3.4418
17300000 3.44235
17310000 3.44273
17320000 3.44255
17330000 3.44249
17340000 3.44314
17350000 3.4439
17360000 3.44416
17370000 3.44368
17380000 3.44271
17390000 3.44169
17400000 3.44074
17410000 3.4406
17420000 3.44077
17430000 3.44183
17440000 3.44273
17450000 3.44371
17460000 3.44417
17470000 3.44438
17480000 3.44413
17490000 3.44385
17500000 3.44303
17510000 3.44211
17520000 3.44173
17530000 3.4413
17540000 3.44153
17550000 3.44178
17560000 3.44272
17570000 3.44349
17580000 3.44398
17590000 3.44499
17600000 3.44551
17610000 3.44661
17620000 3.4474
17630000 3.4481
17640000 3.44883
17650000 3.4494
17660000 3.45047
17670000 3.45176
17680000 3.45249
17690000 3.45268
17700000 3.4528
17710000 3.45302
17720000 3.45297
17730000 3.4531
17740000 3.45293
17750000 3.45304
17760000 3.45339
17770000 3.45338
17780000 3.45381
17790000 3.4545
17800000 3.4547
17810000 3.454
17820000 3.453
17830000 3.45259
17840000 3.45315
17850000 3.45304
17860000 3.45314
17870000 3.45366
17880000 3.45404
17890000 3.45408
17900000 3.45427
17910000 3.4548
17920000 3.45518
17930000 3.45547
17940000 3.45548
17950000 3.45568
17960000 3.45593
17970000 3.45613
17980000 3.45653
17990000 3.45738
18000000 3.45797
18010000 3.4574
18020000 3.45725
18030000 3.458
18040000 3.45851
18050000 3.45866
18060000 3.45906
18070000 3.45868
18080000 3.45813
18090000 3.45695
18100000 3.45546
18110000 3.45385
18120000 3.45189
18130000 3.45107
18140000 3.45076
18150000 3.45063
18160000 3.45071
18170000 3.45047
18180000 3.44996
18190000 3.44935
18200000 3.44812
18210000 3.44645
18220000 3.44477
18230000 3.44405
18240000 3.44335
18250000 3.44158
18260000 3.44039
18270000 3.43951
18280000 3.43818
18290000 3.43596
18300000 3.43408
18310000 3.4321
18320000 3.43023
18330000 3.42866
18340000 3.42728
18350000 3.42553
18360000 3.4239
18370000 3.42278
18380000 3.42196
18390000 3.42234
18400000 3.42225
18410000 3.42214
18420000 3.42218
18430000 3.42202
18440000 3.42146
18450000 3.42044
18460000 3.41942
18470000 3.41901
18480000 3.41964
18490000 3.42075
18500000 3.42222
18510000 3.42367
18520000 3.42475
18530000 3.42588
18540000 3.42659
18550000 3.42663
18560000 3.42692
18570000 3.42792
18580000 3.42881
18590000 3.42976
18600000 3.43013
18610000 3.43026
18620000 3.43153
18630000 3.43235
18640000 3.43269
18650000 3.43277
18660000 3.43255
18670000 3.43296
18680000 3.43287
18690000 3.43239
18700000 3.43251
18710000 3.4324
18720000 3.43199
18730000 3.43166
18740000 3.43083
18750000 3.43018
18760000 3.42926
18770000 3.42823
18780000 3.42804
18790000 3.4282
18800000 3.42862
18810000 3.42885
18820000 3.42946
18830000 3.43019
18840000 3.43071
18850000 3.43158
18860000 3.4325
18870000 3.43331
18880000 3.43362
18890000 3.43403
18900000 3.43397
18910000 3.43406
18920000 3.43499
18930000 3.43573
18940000 3.43594
18950000 3.43546
18960000 3.4349
18970000 3.43464
18980000 3.43519
18990000 3.43582
19000000 3.43661
19010000 3.43661
19020000 3.43653
19030000 3.4367
19040000 3.43691
19050000 3.43661
19060000 3.43525
19070000 3.4345
19080000 3.43333
19090000 3.43211
19100000 3.43041
19110000 3.42909
19120000 3.42796
19130000 3.4274
19140000 3.42705
19150000 3.42675
19160000 3.4271
19170000 3.42741
19180000 3.42717
19190000 3.42662
19200000 3.42662
19210000 3.42649
19220000 3.42642
19230000 3.4264
19240000 3.42608
19250000 3.42559
19260000 3.4248
19270000 3.42354
19280000 3.42308
19290000 3.42311
19300000 3.42299
19310000 3.4232
19320000 3.4234
19330000 3.42333
19340000 3.42333
19350000 3.42309
19360000 3.42224
19370000 3.42205
19380000 3.42211
19390000 3.42186
19400000 3.42122
19410000 3.42117
19420000 3.42113
19430000 3.42094
19440000 3.41966
19450000 3.41828
19460000 3.41696
19470000 3.41564
19480000 3.41448
19490000 3.41344
19500000 3.41233
19510000 3.41222
19520000 3.41194
19530000 3.41123
19540000 3.41019
19550000 3.40899
19560000 3.40738
19570000 3.4057
19580000 3.40377
19590000 3.40233
19600000 3.40107
19610000 3.39997
19620000 3.39924
19630000 3.39897
19640000 3.39829
19650000 3.39779
19660000 3.3976
19670000 3.39744
19680000 3.39755
19690000 3.39761
19700000 3.39754
19710000 3.39679
19720000 3.39586
19730000 3.39476
19740000 3.39362
19750000 3.39259
19760000 3.39171
19770000 3.39142
19780000 3.39092
19790000 3.39055
19800000 3.39098
19810000 3.3919
19820000 3.39237
19830000 3.39299
19840000 3.39353
19850000 3.39391
19860000 3.39383
19870000 3.39339
19880000 3.39273
19890000 3.39233
19900000 3.39141
19910000 3.39031
19920000 3.38983
19930000 3.38855
19940000 3.3883
19950000 3.3878
19960000 3.38736
19970000 3.38739
19980000 3.38754
19990000 3.38784
20000000 3.38855
20010000 3.38897
20020000 3.38938
20030000 3.38998
20040000 3.39149
20050000 3.39259
20060000 3.39382
20070000 3.39454
20080000 3.39519
20090000 3.39524
20100000 3.39531
20110000 3.39532
20120000 3.39578
20130000 3.39588
20140000 3.39596
20150000 3.39603
20160000 3.39614
20170000 3.39663
20180000 3.3973
20190000 3.39819
20200000 3.39937
20210000 3.40002
20220000 3.40087
20230000 3.40168
20240000 3.40198
20250000 3.40256
20260000 3.40262
20270000 3.40267
20280000 3.40236
20290000 3.40258
20300000 3.40319
20310000 3.40339
20320000 3.404
20330000 3.40394
20340000 3.40432
20350000 3.40383
20360000 3.40305
20370000 3.40274
20380000 3.40289
20390000 3.40263
20400000 3.40111
20410000 3.39912
20420000 3.39711
20430000 3.39501
20440000 3.39216
20450000 3.38937
20460000 3.38713
20470000 3.38519
20480000 3.38361
20490000 3.38243
20500000 3.38107
20510000 3.3806
20520000 3.37992
20530000 3.37933
20540000 3.37887
20550000 3.37844
20560000 3.37816
20570000 3.37824
20580000 3.37772
20590000 3.3768
20600000 3.37596
20610000 3.37542
20620000 3.37499
20630000 3.37454
20640000 3.37386
20650000 3.3735
20660000 3.37251
20670000 3.37116
20680000 3.37017
20690000 3.36948
20700000 3.36909
20710000 3.36916
20720000 3.36982
20730000 3.36941
20740000 3.36984
20750000 3.37037
20760000 3.37125
20770000 3.37259
20780000 3.37379
20790000 3.37438
20800000 3.37503
20810000 3.37564
20820000 3.37672
20830000 3.37759
20840000 3.37789
20850000 3.37793
20860000 3.37854
20870000 3.37868
20880000 3.37845
20890000 3.37814
20900000 3.37777
20910000 3.37801
20920000 3.37821
20930000 3.37792
20940000 3.37775
20950000 3.3777
20960000 3.37772
20970000 3.37694
20980000 3.3757
20990000 3.37498
21000000 3.37418
21010000 3.37361
21020000 3.37347
21030000 3.37372
21040000 3.37481
21050000 3.37514
21060000 3.37536
21070000 3.37594
21080000 3.3757
21090000 3.37511
21100000 3.3745
21110000 3.37428
21120000 3.37425
21130000 3.37471
21140000 3.37539
21150000 3.37594
21160000 3.37653
21170000 3.3769
21180000 3.37635
21190000 3.37543
21200000 3.37521
21210000 3.3749
21220000 3.37486
21230000 3.37528
21240000 3.37613
21250000 3.37697
21260000 3.37768
21270000 3.37879
21280000 3.3796
21290000 3.37977
21300000 3.37903
21310000 3.37836
21320000 3.37809
21330000 3.37771
21340000 3.37814
21350000 3.37837
21360000 3.37807
21370000 3.37694
21380000 3.37589
21390000 3.37505
21400000 3.37486
21410000 3.37483
21420000 3.3749
21430000 3.37557
21440000 3.37659
21450000 3.37731
21460000 3.37759
21470000 3.37756
21480000 3.37774
21490000 3.37827
21500000 3.37901
21510000 3.37992
21520000 3.38055
21530000 3.38116
21540000 3.3816
21550000 3.38197
21560000 3.38157
21570000 3.38068
21580000 3.37989
21590000 3.37985
21600000 3.37953
21610000 3.37978
21620000 3.38052
21630000 3.38124
21640000 3.38255
21650000 3.38328
21660000 3.38404
21670000 3.38328
21680000 3.38247
21690000 3.38206
21700000 3.38179
21710000 3.38178
21720000 3.38199
21730000 3.38212
21740000 3.38242
21750000 3.38325
21760000 3.38409
21770000 3.38506
21780000 3.38605
21790000 3.3874
21800000 3.38823
21810000 3.38924
21820000 3.3903
21830000 3.39035
21840000 3.39023
21850000 3.39009
21860000 3.3888
21870000 3.38762
21880000 3.38685
21890000 3.38532
21900000 3.38366
21910000 3.3822
21920000 3.38113
21930000 3.37981
21940000 3.37884
21950000 3.37842
21960000 3.3784
21970000 3.37858
21980000 3.37925
21990000 3.38132
22000000 3.38316
22010000 3.38426
22020000 3.38496
22030000 3.38524
22040000 3.38579
22050000 3.38627
22060000 3.38624
22070000 3.38632
22080000 3.38653
22090000 3.38648
22100000 3.38676
22110000 3.3871
22120000 3.3877
22130000 3.38811
22140000 3.38708
22150000 3.3858
22160000 3.38502
22170000 3.3849
22180000 3.38471
22190000 3.384
22200000 3.38376
22210000 3.38424
22220000 3.38442
22230000 3.38419
22240000 3.38387
22250000 3.38342
22260000 3.38316
22270000 3.38197
22280000 3.38092
22290000 3.38027
22300000 3.37993
22310000 3.38006
22320000 3.38029
22330000 3.38022
22340000 3.38116
22350000 3.38156
22360000 3.38127
22370000 3.38173
22380000 3.38273
22390000 3.38368
22400000 3.38488
22410000 3.38521
22420000 3.38533
22430000 3.38537
22440000 3.38558
22450000 3.38627
22460000 3.3872
22470000 3.38809
22480000 3.38859
22490000 3.38873
22500000 3.3895
22510000 3.39077
22520000 3.39158
22530000 3.39214
22540000 3.39327
22550000 3.39378
22560000 3.39465
22570000 3.39532
22580000 3.39584
22590000 3.39592
22600000 3.39616
22610000 3.39642
22620000 3.39696
22630000 3.39679
22640000 3.39711
22650000 3.3976
22660000 3.39823
22670000 3.39853
22680000 3.39905
22690000 3.39985
22700000 3.39976
22710000 3.40014
22720000 3.40004
22730000 3.40062
22740000 3.40174
22750000 3.40297
22760000 3.40441
22770000 3.406
22780000 3.40709
22790000 3.40845
22800000 3.40886
22810000 3.40858
22820000 3.40874
22830000 3.40927
22840000 3.40989
22850000 3.4103
22860000 3.41027
22870000 3.40999
22880000 3.41029
22890000 3.41059
22900000 3.41121
22910000 3.4109
22920000 3.41074
22930000 3.41095
22940000 3.41055
22950000 3.40902
22960000 3.4078
22970000 3.40685
22980000 3.40607
22990000 3.40496
23000000 3.40369
23010000 3.40279
23020000 3.40178
23030000 3.3998
23040000 3.3985
23050000 3.39795
23060000 3.39749
23070000 3.39775
23080000 3.39864
23090000 3.39925
23100000 3.39927
23110000 3.39845
23120000 3.39764
23130000 3.39713
23140000 3.39709
23150000 3.39751
23160000 3.39741
23170000 3.39719
23180000 3.39663
23190000 3.39638
23200000 3.39593
23210000 3.3956
23220000 3.3958
23230000 3.39643
23240000 3.39652
23250000 3.3969
23260000 3.3973
23270000 3.39838
23280000 3.39932
23290000 3.39973
23300000 3.39994
23310000 3.40091
23320000 3.40132
23330000 3.40205
23340000 3.40281
23350000 3.40387
23360000 3.40442
23370000 3.40438
23380000 3.40331
23390000 3.40199
23400000 3.4021
23410000 3.40288
23420000 3.40373
23430000 3.40383
23440000 3.40418
23450000 3.40512
23460000 3.40543
23470000 3.40528
23480000 3.40504
23490000 3.40427
23500000 3.40308
23510000 3.4017
23520000 3.40061
23530000 3.3994
23540000 3.39804
23550000 3.39604
23560000 3.39422
23570000 3.3922
23580000 3.39123
23590000 3.3911
23600000 3.3912
23610000 3.39122
23620000 3.39138
23630000 3.3918
23640000 3.3923
23650000 3.39287
23660000 3.39351
23670000 3.39445
23680000 3.39566
23690000 3.39605
23700000 3.39607
23710000 3.39609
23720000 3.39708
23730000 3.39772
23740000 3.398
23750000 3.39861
23760000 3.39901
23770000 3.39948
23780000 3.3999
23790000 3.40057
23800000 3.401
23810000 3.40113
23820000 3.40162
23830000 3.40244
23840000 3.40292
23850000 3.40312
23860000 3.40365
23870000 3.40445
23880000 3.40492
23890000 3.40491
23900000 3.40516
23910000 3.40513
23920000 3.40393
23930000 3.40259
23940000 3.40206
23950000 3.40195
23960000 3.4018
23970000 3.40145
23980000 3.4009
23990000 3.40044
24000000 3.40048
24010000 3.40048
24020000 3.39995
24030000 3.39904
24040000 3.39813
24050000 3.39789
24060000 3.39781
24070000 3.39826
24080000 3.39854
24090000 3.39834
24100000 3.39849
24110000 3.3982
24120000 3.39754
24130000 3.39701
24140000 3.39621
24150000 3.39531
24160000 3.39391
24170000 3.39228
24180000 3.39058
24190000 3.38877
24200000 3.38677
24210000 3.38505
24220000 3.38385
24230000 3.38365
24240000 3.38395
24250000 3.3838
24260000 3.38385
24270000 3.38423
24280000 3.38402
24290000 3.38372
24300000 3.38461
24310000 3.38644
24320000 3.38846
24330000 3.38959
24340000 3.39013
24350000 3.39133
24360000 3.39241
24370000 3.39345
24380000 3.39376
24390000 3.39363
24400000 3.39382
24410000 3.39354
24420000 3.39267
24430000 3.39164
24440000 3.39059
24450000 3.39005
24460000 3.3892
24470000 3.38815
24480000 3.38719
24490000 3.38537
24500000 3.38361
24510000 3.38207
24520000 3.38092
24530000 3.38009
24540000 3.37946
24550000 3.37824
24560000 3.37693
24570000 3.37512
24580000 3.37393
24590000 3.373
24600000 3.37234
24610000 3.37201
24620000 3.37137
24630000 3.3709
24640000 3.37057
24650000 3.37079
24660000 3.37119
24670000 3.37116
24680000 3.37125
24690000 3.37218
24700000 3.37271
24710000 3.37321
24720000 3.37377
24730000 3.37356
24740000 3.37385
24750000 3.37467
24760000 3.37531
24770000 3.37511
24780000 3.37522
24790000 3.37503
24800000 3.37476
24810000 3.3746
24820000 3.37457
24830000 3.3749
24840000 3.37459
24850000 3.37403
24860000 3.37387
24870000 3.37348
24880000 3.37404
24890000 3.37437
24900000 3.37444
24910000 3.37377
24920000 3.37338
24930000 3.37267
24940000 3.37223
24950000 3.37164
24960000 3.37106
24970000 3.37077
24980000 3.36983
24990000 3.36846
25000000 3.36688
25010000 3.36516
25020000 3.36359
25030000 3.36232
25040000 3.36158
25050000 3.36145
25060000 3.36123
25070000 3.36067
25080000 3.36083
25090000 3.36066
25100000 3.35966
25110000 3.35867
25120000 3.35757
25130000 3.35631
25140000 3.35518
25150000 3.35423
25160000 3.353
25170000 3.35076
25180000 3.3492
25190000 3.34869
25200000 3.34804
25210000 3.34708
25220000 3.34586
25230000 3.34411
25240000 3.34242
25250000 3.34183
25260000 3.34182
25270000 3.34136
25280000 3.34048
25290000 3.34017
25300000 3.34052
25310000 3.34065
25320000 3.34074
25330000 3.34145
25340000 3.34228
25350000 3.34285
25360000 3.34331
25370000 3.34384
25380000 3.34473
25390000 3.3456
25400000 3.34595
25410000 3.34652
25420000 3.34687
25430000 3.34745
25440000 3.34786
25450000 3.34832
25460000 3.34813
25470000 3.34867
25480000 3.3492
25490000 3.34994
25500000 3.34978
25510000 3.34948
25520000 3.34944
25530000 3.34933
25540000 3.34883
25550000 3.34793
25560000 3.34691
25570000 3.34687
25580000 3.34677
25590000 3.34656
25600000 3.34567
25610000 3.34374
25620000 3.34156
25630000 3.33964
25640000 3.33867
25650000 3.33853
25660000 3.33749
25670000 3.33622
25680000 3.33577
25690000 3.33519
25700000 3.33518
25710000 3.33497
25720000 3.33498
25730000 3.33421
25740000 3.33325
25750000 3.33171
25760000 3.33063
25770000 3.32988
25780000 3.32877
25790000 3.32753
25800000 3.32603
25810000 3.32446
25820000 3.32334
25830000 3.32221
25840000 3.32059
25850000 3.31899
25860000 3.31765
25870000 3.31597
25880000 3.31432
25890000 3.31345
25900000 3.31239
25910000 3.31201
25920000 3.31183
25930000 3.31187
25940000 3.3125
25950000 3.31331
25960000 3.31406
25970000 3.31521
25980000 3.31593
25990000 3.31636
26000000 3.31717
26010000 3.31867
26020000 3.31957
26030000 3.31948
26040000 3.31977
26050000 3.32026
26060000 3.3204
26070000 3.31973
26080000 3.31913
26090000 3.3186
26100000 3.31784
26110000 3.31739
26120000 3.3171
26130000 3.31715
26140000 3.31798
26150000 3.31818
26160000 3.31828
26170000 3.31871
26180000 3.31837
26190000 3.31805
26200000 3.31827
26210000 3.3182
26220000 3.31846
26230000 3.31851
26240000 3.31869
26250000 3.31914
26260000 3.32059
26270000 3.32146
26280000 3.32189
26290000 3.32184
26300000 3.32148
26310000 3.32037
26320000 3.31913
26330000 3.31804
26340000 3.31683
26350000 3.31552
26360000 3.31429
26370000 3.3133
26380000 3.31227
26390000 3.31162
26400000 3.31052
26410000 3.3092
26420000 3.30833
26430000 3.30783
26440000 3.30773
26450000 3.30782
26460000 3.30687
26470000 3.3063
26480000 3.30541
26490000 3.30477
26500000 3.30421
26510000 3.30377
26520000 3.30392
26530000 3.30449
26540000 3.30494
26550000 3.30552
26560000 3.30549
26570000 3.30586
26580000 3.30556
26590000 3.30611
26600000 3.30676
26610000 3.30704
26620000 3.30762
26630000 3.30857
26640000 3.30908
26650000 3.3092
26660000 3.30918
26670000 3.30914
26680000 3.30886
26690000 3.30852
26700000 3.30855
26710000 3.30804
26720000 3.30751
26730000 3.30718
26740000 3.30606
26750000 3.3046
26760000 3.30308
26770000 3.30184
26780000 3.30112
26790000 3.30052
26800000 3.30051
26810000 3.30098
26820000 3.30221
26830000 3.3035
26840000 3.30529
26850000 3.30641
26860000 3.30686
26870000 3.30802
26880000 3.30903
26890000 3.30976
26900000 3.31073
26910000 3.31237
26920000 3.31343
26930000 3.31386
26940000 3.31453
26950000 3.31505
26960000 3.31544
26970000 3.31635
26980000 3.31675
26990000 3.31668
27000000 3.31647
27010000 3.31556
27020000 3.31517
27030000 3.31504
27040000 3.31485
27050000 3.31418
27060000 3.31406
27070000 3.31501
27080000 3.31677
27090000 3.31919
27100000 3.32088
27110000 3.3226
27120000 3.32399
27130000 3.3257
27140000 3.32678
27150000 3.32746
27160000 3.32825
27170000 3.32879
27180000 3.32917
27190000 3.32978
27200000 3.33046
27210000 3.3306
27220000 3.33045
27230000 3.33015
27240000 3.33005
27250000 3.32969
27260000 3.32923
27270000 3.32872
27280000 3.32774
27290000 3.32673
27300000 3.32608
27310000 3.32613
27320000 3.32691
27330000 3.32708
27340000 3.32702
27350000 3.32744
27360000 3.32825
27370000 3.32952
27380000 3.33097
27390000 3.33239
27400000 3.33386
27410000 3.33406
27420000 3.33427
27430000 3.33401
27440000 3.3329
27450000 3.33193
27460000 3.33219
27470000 3.3335
27480000 3.33477
27490000 3.33627
27500000 3.3375
27510000 3.33935
27520000 3.34074
27530000 3.34203
27540000 3.34266
27550000 3.3435
27560000 3.34377
27570000 3.34423
27580000 3.34437
27590000 3.34433
27600000 3.34419
27610000 3.34322
27620000 3.34265
27630000 3.34172
27640000 3.34041
27650000 3.33976
27660000 3.33851
27670000 3.33729
27680000 3.33654
27690000 3.33579
27700000 3.335
27710000 3.33462
27720000 3.33462
27730000 3.33434
27740000 3.33481
27750000 3.33573
27760000 3.3368
27770000 3.33733
27780000 3.33768
27790000 3.33777
27800000 3.33734
27810000 3.3372
27820000 3.33797
27830000 3.33844
27840000 3.33802
27850000 3.33813
27860000 3.33839
27870000 3.33864
27880000 3.33945
27890000 3.34062
27900000 3.34198
27910000 3.34234
27920000 3.34334
27930000 3.34509
27940000 3.34644
27950000 3.34755
27960000 3.34813
27970000 3.3488
27980000 3.34902
27990000 3.34862
28000000 3.34861
28010000 3.34912
28020000 3.34916
28030000 3.34833
28040000 3.34821
28050000 3.34823
28060000 3.34781
28070000 3.34768
28080000 3.34789
28090000 3.34785
28100000 3.34757
28110000 3.34735
28120000 3.34791
28130000 3.34863
28140000 3.34913
28150000 3.34977
28160000 3.35071
28170000 3.35264
28180000 3.35444
28190000 3.3558
28200000 3.35709
28210000 3.35847
28220000 3.36035
28230000 3.3619
28240000 3.36293
28250000 3.3636
28260000 3.36406
28270000 3.36438
28280000 3.36416
28290000 3.36448
28300000 3.36462
28310000 3.36448
28320000 3.36464
28330000 3.36487
28340000 3.36488
28350000 3.3653
28360000 3.36559
28370000 3.36555
28380000 3.36617
28390000 3.36683
28400000 3.3669
28410000 3.36679
28420000 3.36685
28430000 3.36736
28440000 3.36764
28450000 3.36818
28460000 3.36833
28470000 3.36807
28480000 3.36785
28490000 3.36801
28500000 3.36803
28510000 3.36766
28520000 3.36735
28530000 3.36728
28540000 3.3674
28550000 3.36767
28560000 3.36828
28570000 3.36912
28580000 3.37027
28590000 3.37116
28600000 3.37239
28610000 3.37396
28620000 3.37429
28630000 3.37476
28640000 3.37497
28650000 3.375
28660000 3.37524
28670000 3.37497
28680000 3.37526
28690000 3.37643
28700000 3.37756
28710000 3.37833
28720000 3.37875
28730000 3.3787
28740000 3.37929
28750000 3.37876
28760000 3.37792
28770000 3.37761
28780000 3.3771
28790000 3.37678
28800000 3.37613
28810000 3.37526
28820000 3.37442
28830000 3.37369
28840000 3.37346
28850000 3.37279
28860000 3.37243
28870000 3.37277
28880000 3.37265
28890000 3.37196
28900000 3.37123
28910000 3.37006
28920000 3.36855
28930000 3.36716
28940000 3.36667
28950000 3.36601
28960000 3.36488
28970000 3.36324
28980000 3.36148
28990000 3.35992
29000000 3.35911
29010000 3.35902
29020000 3.35941
29030000 3.35994
29040000 3.36082
29050000 3.36124
29060000 3.36172
29070000 3.36148
29080000 3.36133
29090000 3.36106
29100000 3.36144
29110000 3.3619
29120000 3.36206
29130000 3.3624
29140000 3.36297
29150000 3.36329
29160000 3.36353
29170000 3.36396
29180000 3.36433
29190000 3.36459
29200000 3.36515
29210000 3.36559
29220000 3.36583
29230000 3.36629
29240000 3.36685
29250000 3.36659
29260000 3.36641
29270000 3.36664
29280000 3.36694
29290000 3.36698
29300000 3.36639
29310000 3.36596
29320000 3.3656
29330000 3.3655
29340000 3.3654
29350000 3.36531
29360000 3.36549
29370000 3.36505
29380000 3.36465
29390000 3.3643
29400000 3.36446
29410000 3.36451
29420000 3.36443
29430000 3.36432
29440000 3.36461
29450000 3.3648
29460000 3.36492
29470000 3.36487
29480000 3.36494
29490000 3.3656
29500000 3.36615
29510000 3.36603
29520000 3.36549
29530000 3.36549
29540000 3.3658
29550000 3.36608
29560000 3.36669
29570000 3.36749
29580000 3.36852
29590000 3.36956
29600000 3.37106
29610000 3.37215
29620000 3.3731
29630000 3.37407
29640000 3.37527
29650000 3.37646
29660000 3.37759
29670000 3.37861
29680000 3.37933
29690000 3.37978
29700000 3.37986
29710000 3.38033
29720000 3.38101
29730000 3.38137
29740000 3.38179
29750000 3.38196
29760000 3.38243
29770000 3.38276
29780000 3.38381
29790000 3.38506
29800000 3.38582
29810000 3.38639
29820000 3.38756
29830000 3.38869
29840000 3.38948
29850000 3.39059
29860000 3.39154
29870000 3.39195
29880000 3.39237
29890000 3.39251
29900000 3.39269
29910000 3.3931
29920000 3.39339
29930000 3.3937
29940000 3.39364
29950000 3.39396
29960000 3.39383
29970000 3.39319
29980000 3.39198
29990000 3.39179
30000000 3.39188
30010000 3.39264
30020000 3.39305
30030000 3.39362
30040000 3.39346
30050000 3.39339
30060000 3.393
30070000 3.39259
30080000 3.39257
30090000 3.39289
30100000 3.39357
30110000 3.3947
30120000 3.39612
30130000 3.39724
30140000 3.39771
30150000 3.39739
30160000 3.39748
30170000 3.39765
30180000 3.39753
30190000 3.3971
30200000 3.39597
30210000 3.39552
30220000 3.39564
30230000 3.39625
30240000 3.39709
30250000 3.39785
30260000 3.39861
30270000 3.39895
30280000 3.39984
30290000 3.40153
30300000 3.4027
30310000 3.40344
30320000 3.40342
30330000 3.40414
30340000 3.40475
30350000 3.40547
30360000 3.40702
30370000 3.40794
30380000 3.40925
30390000 3.41099
30400000 3.41338
30410000 3.41621
30420000 3.41837
30430000 3.42013
30440000 3.42178
30450000 3.42305
30460000 3.42391
30470000 3.42422
30480000 3.42429
30490000 3.42482
30500000 3.42545
30510000 3.42564
30520000 3.42576
30530000 3.42599
30540000 3.42659
30550000 3.42715
30560000 3.42802
30570000 3.42897
30580000 3.43044
30590000 3.43153
30600000 3.43213
30610000 3.43237
30620000 3.4327
30630000 3.4327
30640000 3.43245
30650000 3.43197
30660000 3.43193
30670000 3.43176
30680000 3.43149
30690000 3.43141
30700000 3.4312
30710000 3.43098
30720000 3.43046
30730000 3.42994
30740000 3.4288
30750000 3.4281
30760000 3.42802
30770000 3.42802
30780000 3.42799
30790000 3.42784
30800000 3.42758
30810000 3.42738
30820000 3.42682
30830000 3.42613
30840000 3.42577
30850000 3.42519
30860000 3.42505
30870000 3.42548
30880000 3.42641
30890000 3.42729
30900000 3.42833
30910000 3.42846
30920000 3.42845
30930000 3.42896
30940000 3.42908
30950000 3.42944
30960000 3.42997
30970000 3.4301
30980000 3.43028
30990000 3.43022
31000000 3.43034
31010000 3.4305
31020000 3.43085
31030000 3.43094
31040000 3.43079
31050000 3.43041
31060000 3.43064
31070000 3.43111
31080000 3.43215
31090000 3.43326
31100000 3.4341
31110000 3.43525
31120000 3.43596
31130000 3.43641
31140000 3.4362
31150000 3.43633
31160000 3.4363
31170000 3.43577
31180000 3.43589
31190000 3.43581
31200000 3.4351
31210000 3.43406
31220000 3.43333
31230000 3.43263
31240000 3.43147
31250000 3.43022
31260000 3.42908
31270000 3.42747
31280000 3.42606
31290000 3.42589
31300000 3.42609
31310000 3.42673
31320000 3.42811
31330000 3.42994
31340000 3.43087
31350000 3.43144
31360000 3.43242
31370000 3.43334
31380000 3.43467
31390000 3.43544
31400000 3.43566
31410000 3.43625
31420000 3.43747
31430000 3.43858
31440000 3.43942
31450000 3.44017
31460000 3.44077
31470000 3.44112
31480000 3.44138
31490000 3.44107
31500000 3.44007
31510000 3.43946
31520000 3.43913
31530000 3.43897
31540000 3.43855
31550000 3.43851
31560000 3.43895
31570000 3.43962
31580000 3.44024
31590000 3.44167
31600000 3.4428
31610000 3.44325
31620000 3.44354
31630000 3.44344
31640000 3.4437
31650000 3.44393
31660000 3.44432
31670000 3.44562
31680000 3.44614
31690000 3.44616
31700000 3.4462
31710000 3.44587
31720000 3.44577
31730000 3.44537
31740000 3.44468
31750000 3.44434
31760000 3.44482
31770000 3.44479
31780000 3.44418
31790000 3.44326
31800000 3.44269
31810000 3.44241
31820000 3.44239
31830000 3.44326
31840000 3.44369
31850000 3.44469
31860000 3.44605
31870000 3.44651
31880000 3.44714
31890000 3.44822
31900000 3.44918
31910000 3.45068
31920000 3.45199
31930000 3.45356
31940000 3.45515
31950000 3.45691
31960000 3.45842
31970000 3.45939
31980000 3.45955
31990000 3.45961
32000000 3.45913
32010000 3.45897
32020000 3.4588
32030000 3.4588
32040000 3.45945
32050000 3.46075
32060000 3.46169
32070000 3.46207
32080000 3.46241
32090000 3.46282
32100000 3.46325
32110000 3.46391
32120000 3.46428
32130000 3.46423
32140000 3.46498
32150000 3.46626
32160000 3.46687
32170000 3.46713
32180000 3.46736
32190000 3.46946
32200000 3.47179
32210000 3.473
32220000 3.47393
32230000 3.47453
32240000 3.47447
32250000 3.47437
32260000 3.47413
32270000 3.47433
32280000 3.47448
32290000 3.47502
32300000 3.47447
32310000 3.47412
32320000 3.47392
32330000 3.47414
32340000 3.47406
32350000 3.47486
32360000 3.47553
32370000 3.47499
32380000 3.47449
32390000 3.47456
32400000 3.47448
32410000 3.47497
32420000 3.47568
32430000 3.47627
32440000 3.47683
32450000 3.47744
32460000 3.47755
32470000 3.47726
32480000 3.47698
32490000 3.47691
32500000 3.4767
32510000 3.47626
32520000 3.47627
32530000 3.47645
32540000 3.47629
32550000 3.47636
32560000 3.47604
32570000 3.4756
32580000 3.47531
32590000 3.47549
32600000 3.47609
32610000 3.47672
32620000 3.47692
32630000 3.4777
32640000 3.47802
32650000 3.47855
32660000 3.47898
32670000 3.47967
32680000 3.47968
32690000 3.4791
32700000 3.47875
32710000 3.47815
32720000 3.47753
32730000 3.4765
32740000 3.47583
32750000 3.47519
32760000 3.47446
32770000 3.4733
32780000 3.47251
32790000 3.47121
32800000 3.47053
32810000 3.47027
32820000 3.46972
32830000 3.46934
32840000 3.46958
32850000 3.46962
32860000 3.46969
32870000 3.46968
32880000 3.46988
32890000 3.47014
32900000 3.47082
32910000 3.47254
32920000 3.47425
32930000 3.47496
32940000 3.47561
32950000 3.47635
32960000 3.4768
32970000 3.47726
32980000 3.47765
32990000 3.47849
33000000 3.47994
33010000 3.48096
33020000 3.48153
33030000 3.48214
33040000 3.48216
33050000 3.48114
33060000 3.48039
33070000 3.47967
33080000 3.47876
33090000 3.47765
33100000 3.47658
33110000 3.47656
33120000 3.47673
33130000 3.47696
33140000 3.47678
33150000 3.47678
33160000 3.47743
33170000 3.4774
33180000 3.47747
33190000 3.47685
33200000 3.47569
33210000 3.4738
33220000 3.47204
33230000 3.4702
33240000 3.46936
33250000 3.46805
33260000 3.46679
33270000 3.46508
33280000 3.46375
33290000 3.46276
33300000 3.4621
33310000 3.46066
33320000 3.45937
33330000 3.45762
33340000 3.45659
33350000 3.4558
33360000 3.45529
33370000 3.45489
33380000 3.45553
33390000 3.45646
33400000 3.45642
33410000 3.45569
33420000 3.45541
33430000 3.4555
33440000 3.45507
33450000 3.45438
33460000 3.45402
33470000 3.45298
33480000 3.45235
33490000 3.45223
33500000 3.4518
33510000 3.45195
33520000 3.45154
33530000 3.4513
33540000 3.45119
33550000 3.45169
33560000 3.45238
33570000 3.45275
33580000 3.45282
33590000 3.4529
33600000 3.45263
33610000 3.45279
33620000 3.45298
33630000 3.45335
33640000 3.45354
33650000 3.45357
33660000 3.4534
33670000 3.4529
33680000 3.45217
33690000 3.45174
33700000 3.4512
33710000 3.45041
33720000 3.449
33730000 3.44784
33740000 3.44696
33750000 3.44565
33760000 3.44453
33770000 3.44373
33780000 3.44407
33790000 3.4446
33800000 3.44531
33810000 3.44599
33820000 3.44608
33830000 3.44585
33840000 3.4452
33850000 3.44447
33860000 3.44402
33870000 3.44367
33880000 3.4431
33890000 3.44259
33900000 3.4417
33910000 3.44025
33920000 3.43943
33930000 3.43921
33940000 3.4388
33950000 3.43813
33960000 3.43731
33970000 3.43692
33980000 3.43625
33990000 3.43521
34000000 3.43399
34010000 3.43318
34020000 3.43342
34030000 3.43403
34040000 3.43442
34050000 3.43427
34060000 3.43438
34070000 3.43419
34080000 3.43343
34090000 3.4329
34100000 3.43224
34110000 3.4316
34120000 3.43155
34130000 3.43162
34140000 3.43149
34150000 3.43165
34160000 3.43168
34170000 3.43218
34180000 3.43275
34190000 3.4327
34200000 3.43227
34210000 3.4322
34220000 3.43175
34230000 3.43164
34240000 3.43172
34250000 3.4317
34260000 3.43084
34270000 3.43061
34280000 3.4306
34290000 3.43017
34300000 3.42892
34310000 3.42812
34320000 3.42744
34330000 3.4267
34340000 3.4258
34350000 3.42451
34360000 3.42384
34370000 3.42326
34380000 3.42288
34390000 3.42313
34400000 3.42388
34410000 3.42504
34420000 3.42554
34430000 3.42554
34440000 3.42544
34450000 3.42485
34460000 3.42482
34470000 3.42515
34480000 3.42537
34490000 3.42569
34500000 3.42636
34510000 3.42697
34520000 3.42745
34530000 3.42779
34540000 3.42785
34550000 3.42882
34560000 3.42967
34570000 3.43044
34580000 3.43105
34590000 3.43208
34600000 3.43339
34610000 3.4347
34620000 3.43621
34630000 3.43753
34640000 3.43848
34650000 3.43846
34660000 3.43796
34670000 3.43785
34680000 3.43743
34690000 3.43677
34700000 3.43657
34710000 3.4363
34720000 3.43568
34730000 3.43543
34740000 3.43456
34750000 3.43394
34760000 3.43341
34770000 3.43324
34780000 3.43289
34790000 3.43278
34800000 3.43279
34810000 3.43249
34820000 3.43231
34830000 3.43164
34840000 3.43173
34850000 3.43248
34860000 3.43275
34870000 3.43297
34880000 3.43292
34890000 3.43265
34900000 3.43267
34910000 3.43316
34920000 3.43352
34930000 3.43384
34940000 3.43379
34950000 3.43427
34960000 3.43503
34970000 3.43534
34980000 3.43554
34990000 3.43559
35000000 3.43571
35010000 3.4359
35020000 3.43575
35030000 3.43553
35040000 3.43574
35050000 3.43529
35060000 3.43529
35070000 3.4355
35080000 3.43597
35090000 3.4365
35100000 3.43722
35110000 3.43807
35120000 3.4392
35130000 3.44017
35140000 3.44084
35150000 3.44154
35160000 3.44266
35170000 3.44402
35180000 3.44509
35190000 3.44522
35200000 3.44526
35210000 3.44536
35220000 3.44569
35230000 3.44605
35240000 3.44598
35250000 3.44531
35260000 3.44442
35270000 3.44377
35280000 3.44341
35290000 3.44318
35300000 3.44309
35310000 3.44272
35320000 3.4428
35330000 3.4428
35340000 3.44265
35350000 3.44261
35360000 3.44307
35370000 3.44337
35380000 3.44363
35390000 3.44302
35400000 3.44258
35410000 3.44212
35420000 3.4419
35430000 3.44204
35440000 3.44156
35450000 3.44028
35460000 3.43982
35470000 3.43918
35480000 3.43892
35490000 3.43818
35500000 3.43815
35510000 3.43827
35520000 3.43753
35530000 3.43649
35540000 3.43619
35550000 3.4362
35560000 3.43526
35570000 3.43362
35580000 3.43212
35590000 3.43042
35600000 3.42945
35610000 3.42923
35620000 3.42994
35630000 3.43046
35640000 3.43085
35650000 3.43116
35660000 3.43201
35670000 3.43225
35680000 3.43171
35690000 3.43137
35700000 3.43108
35710000 3.43107
35720000 3.43118
35730000 3.43128
35740000 3.43171
35750000 3.43253
35760000 3.43317
35770000 3.43293
35780000 3.4329
35790000 3.43304
35800000 3.43299
35810000 3.43254
35820000 3.43229
35830000 3.43202
35840000 3.43177
35850000 3.43204
35860000 3.43188
35870000 3.43205
35880000 3.43229
35890000 3.43321
35900000 3.43498
35910000 3.43565
35920000 3.43612
35930000 3.43653
35940000 3.43638
35950000 3.43583
35960000 3.43467
35970000 3.4335
35980000 3.43294
35990000 3.43267
36000000 3.43221
36010000 3.43176
36020000 3.43214
36030000 3.43343
36040000 3.43445
36050000 3.43539
36060000 3.43551
36070000 3.43582
36080000 3.43657
36090000 3.43757
36100000 3.43919
36110000 3.44113
36120000 3.44316
36130000 3.44491
36140000 3.44514
36150000 3.44539
36160000 3.44585
36170000 3.44584
36180000 3.44642
36190000 3.44689
36200000 3.44749
36210000 3.44805
36220000 3.44805
36230000 3.44842
36240000 3.44948
36250000 3.4507
36260000 3.45142
36270000 3.45179
36280000 3.45208
36290000 3.45271
36300000 3.45303
36310000 3.4542
36320000 3.45537
36330000 3.45628
36340000 3.45713
36350000 3.45761
36360000 3.45849
36370000 3.45956
36380000 3.46092
36390000 3.46182
36400000 3.46268
36410000 3.46366
36420000 3.46506
36430000 3.46645
36440000 3.46792
36450000 3.46862
36460000 3.46965
36470000 3.47024
36480000 3.47112
36490000 3.47149
36500000 3.47107
36510000 3.47051
36520000 3.46969
36530000 3.46875
36540000 3.4686
36550000 3.46824
36560000 3.46808
36570000 3.46747
36580000 3.46719
36590000 3.46642
36600000 3.46577
36610000 3.46566
36620000 3.46558
36630000 3.46483
36640000 3.46421
36650000 3.46362
36660000 3.46341
36670000 3.46367
36680000 3.46429
36690000 3.4649
36700000 3.46532
36710000 3.46605
36720000 3.46701
36730000 3.46758
36740000 3.46769
36750000 3.46815
36760000 3.46865
36770000 3.46996
36780000 3.47114
36790000 3.47214
36800000 3.47293
36810000 3.47323
36820000 3.47228
36830000 3.47106
36840000 3.46974
36850000 3.46907
36860000 3.46843
36870000 3.46717
36880000 3.46652
36890000 3.46643
36900000 3.46613
36910000 3.46496
36920000 3.46335
36930000 3.46259
36940000 3.46192
36950000 3.46205
36960000 3.46161
36970000 3.4609
36980000 3.46081
36990000 3.46045
37000000 3.45997
37010000 3.46016
37020000 3.46085
37030000 3.46113
37040000 3.46129
37050000 3.4618
37060000 3.46275
37070000 3.46337
37080000 3.46308
37090000 3.46235
37100000 3.46224
37110000 3.46152
37120000 3.46135
37130000 3.46148
37140000 3.46208
37150000 3.46323
37160000 3.46404
37170000 3.46452
37180000 3.46459
37190000 3.4642
37200000 3.46448
37210000 3.46601
37220000 3.46772
37230000 3.46887
37240000 3.46989
37250000 3.47107
37260000 3.47201
37270000 3.47315
37280000 3.4734
37290000 3.47349
37300000 3.47405
37310000 3.47402
37320000 3.47418
37330000 3.47412
37340000 3.47428
37350000 3.4741
37360000 3.4737
37370000 3.47254
37380000 3.47109
37390000 3.46956
37400000 3.46769
37410000 3.46671
37420000 3.4655
37430000 3.46419
37440000 3.46361
37450000 3.46343
37460000 3.46333
37470000 3.46268
37480000 3.46225
37490000 3.46173
37500000 3.46158
37510000 3.46139
37520000 3.46155
37530000 3.46107
37540000 3.46023
37550000 3.45947
37560000 3.45923
37570000 3.4589
37580000 3.45901
37590000 3.45959
37600000 3.45918
37610000 3.45866
37620000 3.45834
37630000 3.45928
37640000 3.46054
37650000 3.46164
37660000 3.46239
37670000 3.4631
37680000 3.46373
37690000 3.46445
37700000 3.46471
37710000 3.46465
37720000 3.46422
37730000 3.46367
37740000 3.46344
37750000 3.4627
37760000 3.46136
37770000 3.46035
37780000 3.45884
37790000 3.45746
37800000 3.4567
37810000 3.45635
37820000 3.45547
37830000 3.45436
37840000 3.45375
37850000 3.45351
37860000 3.45313
37870000 3.45249
37880000 3.45167
37890000 3.45074
37900000 3.44976
37910000 3.4496
37920000 3.44871
37930000 3.44751
37940000 3.44756
37950000 3.44782
37960000 3.44859
37970000 3.44848
37980000 3.44892
37990000 3.44974
38000000 3.45081
38010000 3.45107
38020000 3.45085
38030000 3.45072
38040000 3.45035
38050000 3.44979
38060000 3.44957
38070000 3.44969
38080000 3.44953
38090000 3.45011
38100000 3.45142
38110000 3.45319
38120000 3.45517
38130000 3.45601
38140000 3.45626
38150000 3.45633
38160000 3.45573
38170000 3.45489
38180000 3.45447
38190000 3.45367
38200000 3.45296
38210000 3.45257
38220000 3.45191
38230000 3.45164
38240000 3.45261
38250000 3.45388
38260000 3.45464
38270000 3.45536
38280000 3.45645
38290000 3.45694
38300000 3.45735
38310000 3.45804
38320000 3.45867
38330000 3.45886
38340000 3.45895
38350000 3.45863
38360000 3.45848
38370000 3.45844
38380000 3.45819
38390000 3.45748
38400000 3.45705
38410000 3.45645
38420000 3.45581
38430000 3.45522
38440000 3.45483
38450000 3.45422
38460000 3.45382
38470000 3.45358
38480000 3.45275
38490000 3.45155
38500000 3.4505
38510000 3.44987
38520000 3.44914
38530000 3.44785
38540000 3.44706
38550000 3.44667
38560000 3.44552
38570000 3.44406
38580000 3.44281
38590000 3.44181
38600000 3.44015
38610000 3.43844
38620000 3.43692
38630000 3.43502
38640000 3.43382
38650000 3.43242
38660000 3.43096
38670000 3.4299
38680000 3.42901
38690000 3.4278
38700000 3.42667
38710000 3.4255
38720000 3.4248
38730000 3.42441
38740000 3.424
38750000 3.42393
38760000 3.4242
38770000 3.42414
38780000 3.4245
38790000 3.42471
38800000 3.42508
38810000 3.42576
38820000 3.42606
38830000 3.42652
38840000 3.4262
38850000 3.42581
38860000 3.42489
38870000 3.42364
38880000 3.42298
38890000 3.42251
38900000 3.42281
38910000 3.42398
38920000 3.42487
38930000 3.42545
38940000 3.42611
38950000 3.42723
38960000 3.42886
38970000 3.4307
38980000 3.43247
38990000 3.43383
39000000 3.43433
39010000 3.43443
39020000 3.43391
39030000 3.43299
39040000 3.43177
39050000 3.43149
39060000 3.43155
39070000 3.43212
39080000 3.43284
39090000 3.43371
39100000 3.43428
39110000 3.43444
39120000 3.43462
39130000 3.43422
39140000 3.43339
39150000 3.43297
39160000 3.43234
39170000 3.43163
39180000 3.43096
39190000 3.43079
39200000 3.43039
39210000 3.42999
39220000 3.43011
39230000 3.43017
39240000 3.43033
39250000 3.43098
39260000 3.43111
39270000 3.4308
39280000 3.43073
39290000 3.43109
39300000 3.43242
39310000 3.43329
39320000 3.4339
39330000 3.4345
39340000 3.43481
39350000 3.43504
39360000 3.43512
39370000 3.43567
39380000 3.436
39390000 3.43593
39400000 3.43584
39410000 3.43587
39420000 3.43546
39430000 3.43564
39440000 3.43623
39450000 3.43688
39460000 3.43712
39470000 3.43756
39480000 3.43792
39490000 3.43747
39500000 3.43741
39510000 3.43773
39520000 3.43798
39530000 3.43742
39540000 3.4369
39550000 3.43672
39560000 3.43599
39570000 3.43518
39580000 3.43434
39590000 3.43358
39600000 3.43246
39610000 3.43143
39620000 3.43039
39630000 3.42922
39640000 3.42832
39650000 3.42755
39660000 3.4266
39670000 3.42549
39680000 3.42475
39690000 3.42394
39700000 3.42376
39710000 3.42383
39720000 3.42349
39730000 3.4234
39740000 3.42349
39750000 3.42382
39760000 3.42406
39770000 3.4244
39780000 3.42371
39790000 3.42291
39800000 3.42234
39810000 3.42113
39820000 3.41943
39830000 3.41794
39840000 3.41664
39850000 3.4155
39860000 3.41461
39870000 3.41421
39880000 3.41412
39890000 3.41487
39900000 3.41609
39910000 3.41656
39920000 3.41637
39930000 3.41613
39940000 3.4159
39950000 3.41577
39960000 3.416
39970000 3.41593
39980000 3.41637
39990000 3.41527
40000000 3.41374
40010000 3.4116
40020000 3.41025
40030000 3.40905
40040000 3.40764
40050000 3.40635
40060000 3.40546
40070000 3.40449
40080000 3.40294
40090000 3.40169
40100000 3.4002
40110000 3.39846
40120000 3.39658
40130000 3.39499
40140000 3.39381
40150000 3.39278
40160000 3.39166
40170000 3.39025
40180000 3.38924
40190000 3.38799
40200000 3.38765
40210000 3.38749
40220000 3.38713
40230000 3.38654
40240000 3.38637
40250000 3.38653
40260000 3.38711
40270000 3.38791
40280000 3.38868
40290000 3.38847
40300000 3.38779
40310000 3.38671
40320000 3.38574
40330000 3.38498
40340000 3.38381
40350000 3.38298
40360000 3.38198
40370000 3.38179
40380000 3.38055
40390000 3.37901
40400000 3.37739
40410000 3.37503
40420000 3.37278
40430000 3.37066
40440000 3.36919
40450000 3.36837
40460000 3.36785
40470000 3.36776
40480000 3.36768
40490000 3.36712
40500000 3.36662
40510000 3.36656
40520000 3.36682
40530000 3.36702
40540000 3.3675
40550000 3.36796
40560000 3.36809
40570000 3.36702
40580000 3.36536
40590000 3.36431
40600000 3.36392
40610000 3.36379
40620000 3.36373
40630000 3.36405
40640000 3.36419
40650000 3.36379
40660000 3.36285
40670000 3.36206
40680000 3.36186
40690000 3.36161
40700000 3.36138
40710000 3.36083
40720000 3.36025
40730000 3.35964
40740000 3.3593
40750000 3.35921
40760000 3.3592
40770000 3.35863
40780000 3.35766
40790000 3.35697
40800000 3.35695
40810000 3.35647
40820000 3.35604
40830000 3.35616
40840000 3.35647
40850000 3.35633
40860000 3.35575
40870000 3.3547
40880000 3.35431
40890000 3.35418
40900000 3.3537
40910000 3.35369
40920000 3.35343
40930000 3.35323
40940000 3.3534
40950000 3.35295
40960000 3.35231
40970000 3.35239
40980000 3.35271
40990000 3.35353
41000000 3.35402
41010000 3.35452
41020000 3.3548
41030000 3.35506
41040000 3.35537
41050000 3.35622
41060000 3.35696
41070000 3.35675
41080000 3.35576
41090000 3.35399
41100000 3.35221
41110000 3.3503
41120000 3.3491
41130000 3.34795
41140000 3.34813
41150000 3.34827
41160000 3.34821
41170000 3.34905
41180000 3.34976
41190000 3.35079
41200000 3.35249
41210000 3.35373
41220000 3.35448
41230000 3.35506
41240000 3.35535
41250000 3.35575
41260000 3.35611
41270000 3.35658
41280000 3.35726
41290000 3.35721
41300000 3.35755
41310000 3.35837
41320000 3.35842
41330000 3.35776
41340000 3.35784
41350000 3.35786
41360000 3.35784
41370000 3.3583
41380000 3.35847
41390000 3.35826
41400000 3.3582
41410000 3.35762
41420000 3.3563
41430000 3.35479
41440000 3.35304
41450000 3.35201
41460000 3.35097
41470000 3.35012
41480000 3.34978
41490000 3.34927
41500000 3.34953
41510000 3.34966
41520000 3.3496
41530000 3.3492
41540000 3.34902
41550000 3.34822
41560000 3.34734
41570000 3.34698
41580000 3.34649
41590000 3.34541
41600000 3.34471
41610000 3.34434
41620000 3.34358
41630000 3.34306
41640000 3.34215
41650000 3.34096
41660000 3.33961
41670000 3.33878
41680000 3.33891
41690000 3.34025
41700000 3.34149
41710000 3.34255
41720000 3.34313
41730000 3.34367
41740000 3.34362
41750000 3.34309
41760000 3.34266
41770000 3.34263
41780000 3.34319
41790000 3.34361
41800000 3.34425
41810000 3.34502
41820000 3.34552
41830000 3.34536
41840000 3.34523
41850000 3.34425
41860000 3.34344
41870000 3.34373
41880000 3.34368
41890000 3.34293
41900000 3.34234
41910000 3.34136
41920000 3.3406
41930000 3.34019
41940000 3.34018
41950000 3.33967
41960000 3.33921
41970000 3.33841
41980000 3.33808
41990000 3.3368
42000000 3.33611
42010000 3.33568
42020000 3.33521
42030000 3.3353
42040000 3.33569
42050000 3.33598
42060000 3.33604
42070000 3.33679
42080000 3.33724
42090000 3.33774
42100000 3.33778
42110000 3.33784
42120000 3.33794
42130000 3.33838
42140000 3.33837
42150000 3.33747
42160000 3.33631
42170000 3.33534
42180000 3.3342
42190000 3.33223
42200000 3.3309
42210000 3.33029
42220000 3.33011
42230000 3.33007
42240000 3.33058
42250000 3.33168
42260000 3.33222
42270000 3.33201
42280000 3.3315
42290000 3.33045
42300000 3.33085
42310000 3.33101
42320000 3.33073
42330000 3.33078
42340000 3.33005
42350000 3.32947
42360000 3.3293
42370000 3.32962
42380000 3.32926
42390000 3.32822
42400000 3.32794
42410000 3.32794
42420000 3.32731
42430000 3.32722
42440000 3.32668
42450000 3.32526
42460000 3.32401
42470000 3.32386
42480000 3.32417
42490000 3.3238
42500000 3.32326
42510000 3.32312
42520000 3.32252
42530000 3.32252
42540000 3.32219
42550000 3.32149
42560000 3.32063
42570000 3.32041
42580000 3.32052
42590000 3.32054
42600000 3.32043
42610000 3.32068
42620000 3.32032
42630000 3.3194
42640000 3.3184
42650000 3.31725
42660000 3.31565
42670000 3.31431
42680000 3.31333
42690000 3.3126
42700000 3.3125
42710000 3.31291
42720000 3.313
42730000 3.31338
42740000 3.31358
42750000 3.31353
42760000 3.3136
42770000 3.31401
42780000 3.31468
42790000 3.31577
42800000 3.31635
42810000 3.31669
42820000 3.3166
42830000 3.31638
42840000 3.31601
42850000 3.31564
42860000 3.31485
42870000 3.31408
42880000 3.31339
42890000 3.3132
42900000 3.31319
42910000 3.31281
42920000 3.31264
42930000 3.3127
42940000 3.31242
42950000 3.31254
42960000 3.31352
42970000 3.31386
42980000 3.31434
42990000 3.31406
43000000 3.31347
43010000 3.31354
43020000 3.31443
43030000 3.31422
43040000 3.31404
43050000 3.31507
43060000 3.31534
43070000 3.31543
43080000 3.3154
43090000 3.31572
43100000 3.31696
43110000 3.31741
43120000 3.31738
43130000 3.31701
43140000 3.3169
43150000 3.31605
43160000 3.31442
43170000 3.31337
43180000 3.31349
43190000 3.31352
43200000 3.31361
43210000 3.31369
43220000 3.31391
43230000 3.31417
43240000 3.31421
43250000 3.31505
43260000 3.31557
43270000 3.31604
43280000 3.31653
43290000 3.31722
43300000 3.3184
43310000 3.31983
43320000 3.32081
43330000 3.32175
43340000 3.32215
43350000 3.32184
43360000 3.32135
43370000 3.32166
43380000 3.32199
43390000 3.32228
43400000 3.32292
43410000 3.32347
43420000 3.32404
43430000 3.32486
43440000 3.32595
43450000 3.32708
43460000 3.32738
43470000 3.32794
43480000 3.32837
43490000 3.32866
43500000 3.32952
43510000 3.32949
43520000 3.32984
43530000 3.33014
43540000 3.33076
43550000 3.33101
43560000 3.33137
43570000 3.33184
43580000 3.33225
43590000 3.33269
43600000 3.33294
43610000 3.33388
43620000 3.33461
43630000 3.33452
43640000 3.33454
43650000 3.33523
43660000 3.33537
43670000 3.33572
43680000 3.33607
43690000 3.3365
43700000 3.33623
43710000 3.33634
43720000 3.33657
43730000 3.33704
43740000 3.33737
43750000 3.33759
43760000 3.33794
43770000 3.33882
43780000 3.33911
43790000 3.33853
43800000 3.33783
43810000 3.33722
43820000 3.33637
43830000 3.33581
43840000 3.33561
43850000 3.33627
43860000 3.33648
43870000 3.33606
43880000 3.33552
43890000 3.33508
43900000 3.33519
43910000 3.33581
43920000 3.33627
43930000 3.33641
43940000 3.33719
43950000 3.3387
43960000 3.34033
43970000 3.34213
43980000 3.34369
43990000 3.34561
44000000 3.34731
44010000 3.34798
44020000 3.348
44030000 3.3482
44040000 3.34837
44050000 3.34885
44060000 3.34882
44070000 3.34845
44080000 3.34892
44090000 3.34933
44100000 3.34938
44110000 3.34975
44120000 3.35011
44130000 3.3504
44140000 3.35064
44150000 3.35113
44160000 3.35114
44170000 3.35091
44180000 3.35086
44190000 3.35136
44200000 3.3521
44210000 3.35281
44220000 3.35322
44230000 3.35353
44240000 3.35313
44250000 3.3528
44260000 3.35252
44270000 3.35158
44280000 3.3509
44290000 3.3508
44300000 3.35105
44310000 3.35075
44320000 3.35063
44330000 3.35089
44340000 3.352
44350000 3.35323
44360000 3.35404
44370000 3.3542
44380000 3.35394
44390000 3.35313
44400000 3.35182
44410000 3.35056
44420000 3.35031
44430000 3.35121
44440000 3.35176
44450000 3.3529
44460000 3.35402
44470000 3.35557
44480000 3.35689
44490000 3.35747
44500000 3.35837
44510000 3.35963
44520000 3.36042
44530000 3.3613
44540000 3.36187
44550000 3.36228
44560000 3.36278
44570000 3.36369
44580000 3.36447
44590000 3.36445
44600000 3.36429
44610000 3.36376
44620000 3.36284
44630000 3.36177
44640000 3.36115
44650000 3.36074
44660000 3.36118
44670000 3.36197
44680000 3.36318
44690000 3.36383
44700000 3.36435
44710000 3.36438
44720000 3.36429
44730000 3.36448
44740000 3.36505
44750000 3.36565
44760000 3.36699
44770000 3.36789
44780000 3.36858
44790000 3.36882
44800000 3.36921
44810000 3.37025
44820000 3.37169
44830000 3.37276
44840000 3.37332
44850000 3.3736
44860000 3.37314
44870000 3.37238
44880000 3.3717
44890000 3.37158
44900000 3.37104
44910000 3.37032
44920000 3.36967
44930000 3.36913
44940000 3.36957
44950000 3.36953
44960000 3.36966
44970000 3.3698
44980000 3.36958
44990000 3.36899
45000000 3.36895
45010000 3.36946
45020000 3.37025
45030000 3.37114
45040000 3.37147
45050000 3.37203
45060000 3.37177
45070000 3.37149
45080000 3.37157
45090000 3.37194
45100000 3.37284
45110000 3.37354
45120000 3.37364
45130000 3.37381
45140000 3.37417
45150000 3.37425
45160000 3.37402
45170000 3.37396
45180000 3.37341
45190000 3.37292
45200000 3.37258
45210000 3.37246
45220000 3.37205
45230000 3.3718
45240000 3.37195
45250000 3.37287
45260000 3.37427
45270000 3.37592
45280000 3.37794
45290000 3.37879
45300000 3.37917
45310000 3.38016
45320000 3.38128
45330000 3.38205
45340000 3.38347
45350000 3.38536
45360000 3.38664
45370000 3.38816
45380000 3.38895
45390000 3.39052
45400000 3.39202
45410000 3.39298
45420000 3.39367
45430000 3.39294
45440000 3.3926
45450000 3.39285
45460000 3.39353
45470000 3.39431
45480000 3.39436
45490000 3.39475
45500000 3.39499
45510000 3.39494
45520000 3.39534
45530000 3.39575
45540000 3.39574
45550000 3.39594
45560000 3.39719
45570000 3.39869
45580000 3.39981
45590000 3.40082
45600000 3.40126
45610000 3.40196
45620000 3.40216
45630000 3.40253
45640000 3.40274
45650000 3.40324
45660000 3.40283
45670000 3.40264
45680000 3.40294
45690000 3.40333
45700000 3.403
45710000 3.40218
45720000 3.40151
45730000 3.40194
45740000 3.40252
45750000 3.40269
45760000 3.40272
45770000 3.40397
45780000 3.40561
45790000 3.40738
45800000 3.40854
45810000 3.41049
45820000 3.41276
45830000 3.41471
45840000 3.41684
45850000 3.41843
45860000 3.41923
45870000 3.42004
45880000 3.42057
45890000 3.41987
45900000 3.41877
45910000 3.41823
45920000 3.41754
45930000 3.4171
45940000 3.41729
45950000 3.41753
45960000 3.41853
45970000 3.41937
45980000 3.41975
45990000 3.42033
46000000 3.42091
46010000 3.42125
46020000 3.42118
46030000 3.42061
46040000 3.42
46050000 3.41921
46060000 3.41863
46070000 3.41844
46080000 3.41786
46090000 3.41681
46100000 3.41533
46110000 3.41361
46120000 3.41248
46130000 3.41188
46140000 3.41212
46150000 3.41269
46160000 3.41297
46170000 3.41379
46180000 3.41484
46190000 3.41564
46200000 3.41595
46210000 3.41657
46220000 3.41749
46230000 3.41793
46240000 3.41754
46250000 3.41733
46260000 3.41672
46270000 3.41622
46280000 3.41584
46290000 3.41517
46300000 3.41594
46310000 3.41696
46320000 3.41797
46330000 3.41893
46340000 3.42009
46350000 3.42174
46360000 3.42287
46370000 3.42361
46380000 3.42352
46390000 3.42347
46400000 3.42324
46410000 3.42297
46420000 3.42216
46430000 3.42155
46440000 3.42018
46450000 3.41893
46460000 3.4189
46470000 3.41906
46480000 3.41905
46490000 3.41879
46500000 3.4199
46510000 3.42091
46520000 3.42191
46530000 3.42196
46540000 3.421
46550000 3.42062
46560000 3.42029
46570000 3.42041
46580000 3.42089
46590000 3.42144
46600000 3.42132
46610000 3.42141
46620000 3.42219
46630000 3.42299
46640000 3.42379
46650000 3.42539
46660000 3.42628
46670000 3.42623
46680000 3.42714
46690000 3.42802
46700000 3.42878
46710000 3.42986
46720000 3.43055
46730000 3.43161
46740000 3.43306
46750000 3.43309
46760000 3.43401
46770000 3.43432
46780000 3.43449
46790000 3.43481
46800000 3.43559
46810000 3.43643
46820000 3.43781
46830000 3.43923
46840000 3.43996
46850000 3.44008
46860000 3.43979
46870000 3.43952
46880000 3.43891
46890000 3.43773
46900000 3.43628
46910000 3.43554
46920000 3.4354
46930000 3.43519
46940000 3.43512
46950000 3.43568
46960000 3.43645
46970000 3.43685
46980000 3.43686
46990000 3.43766
47000000 3.43804
47010000 3.43808
47020000 3.43749
47030000 3.43679
47040000 3.43606
47050000 3.43573
47060000 3.43543
47070000 3.43515
47080000 3.43452
47090000 3.43334
47100000 3.43214
47110000 3.43084
47120000 3.4292
47130000 3.42748
47140000 3.42599
47150000 3.42458
47160000 3.42369
47170000 3.42278
47180000 3.4224
47190000 3.42198
47200000 3.42074
47210000 3.41897
47220000 3.41699
47230000 3.41609
47240000 3.41506
47250000 3.41368
47260000 3.4127
47270000 3.41146
47280000 3.41063
47290000 3.41061
47300000 3.41016
47310000 3.4098
47320000 3.409
47330000 3.40863
47340000 3.40771
47350000 3.40706
47360000 3.40623
47370000 3.40579
47380000 3.40605
47390000 3.40664
47400000 3.40765
47410000 3.40789
47420000 3.40892
47430000 3.41034
47440000 3.41104
47450000 3.41114
47460000 3.41099
47470000 3.41067
47480000 3.40985
47490000 3.40958
47500000 3.40882
47510000 3.40763
47520000 3.40622
47530000 3.40519
47540000 3.40489
47550000 3.40451
47560000 3.40349
47570000 3.40224
47580000 3.40112
47590000 3.39961
47600000 3.39878
47610000 3.39833
47620000 3.39825
47630000 3.39683
47640000 3.39561
47650000 3.39431
47660000 3.39306
47670000 3.39174
47680000 3.39032
47690000 3.38884
47700000 3.38815
47710000 3.38794
47720000 3.38805
47730000 3.38898
47740000 3.38945
47750000 3.38967
47760000 3.39024
47770000 3.39122
47780000 3.39309
47790000 3.39436
47800000 3.39545
47810000 3.39649
47820000 3.39695
47830000 3.39754
47840000 3.39803
47850000 3.3982
47860000 3.39918
47870000 3.39941
47880000 3.39972
47890000 3.39993
47900000 3.39987
47910000 3.39947
47920000 3.39909
47930000 3.39877
47940000 3.39774
47950000 3.39651
47960000 3.39497
47970000 3.39423
47980000 3.39351
47990000 3.39312
48000000 3.39271
48010000 3.39305
48020000 3.39449
48030000 3.39649
48040000 3.39817
48050000 3.40003
48060000 3.40184
48070000 3.40304
48080000 3.40444
48090000 3.40531
48100000 3.40571
48110000 3.40527
48120000 3.40408
48130000 3.4035
48140000 3.40329
48150000 3.40336
48160000 3.40395
48170000 3.40442
48180000 3.4039
48190000 3.40382
48200000 3.40369
48210000 3.40351
48220000 3.40351
48230000 3.40311
48240000 3.40218
48250000 3.40145
48260000 3.40148
48270000 3.40197
48280000 3.40172
48290000 3.4013
48300000 3.40104
48310000 3.40129
48320000 3.40163
48330000 3.40255
48340000 3.40385
48350000 3.40548
48360000 3.40657
48370000 3.40753
48380000 3.4088
48390000 3.40994
48400000 3.41081
48410000 3.41202
48420000 3.41345
48430000 3.41452
48440000 3.41579
48450000 3.41692
48460000 3.41783
48470000 3.41881
48480000 3.4196
48490000 3.42002
48500000 3.42011
48510000 3.42064
48520000 3.42116
48530000 3.42244
48540000 3.42377
48550000 3.42542
48560000 3.42672
48570000 3.42761
48580000 3.42724
48590000 3.42669
48600000 3.42711
48610000 3.42727
48620000 3.42804
48630000 3.42879
48640000 3.42928
48650000 3.42964
48660000 3.4301
48670000 3.43088
48680000 3.43187
48690000 3.4322
48700000 3.43328
48710000 3.43498
48720000 3.43651
48730000 3.43789
48740000 3.43937
48750000 3.44039
48760000 3.44127
48770000 3.44184
48780000 3.44158
48790000 3.44175
48800000 3.44231
48810000 3.44225
48820000 3.44205
48830000 3.44191
48840000 3.44166
48850000 3.44223
48860000 3.44294
48870000 3.443
48880000 3.44266
48890000 3.44242
48900000 3.44209
48910000 3.44134
48920000 3.44092
48930000 3.44118
48940000 3.44166
48950000 3.44203
48960000 3.44184
48970000 3.4417
48980000 3.44108
48990000 3.44093
49000000 3.44133
49010000 3.44186
49020000 3.44213
49030000 3.44228
49040000 3.44289
49050000 3.44289
49060000 3.44241
49070000 3.44135
49080000 3.44031
49090000 3.43992
49100000 3.43949
49110000 3.43922
49120000 3.43974
49130000 3.44063
49140000 3.44148
49150000 3.44264
49160000 3.44389
49170000 3.44509
49180000 3.44584
49190000 3.44592
49200000 3.44625
49210000 3.44674
49220000 3.4471
49230000 3.4474
49240000 3.44724
49250000 3.44682
49260000 3.44689
49270000 3.4474
49280000 3.44791
49290000 3.44815
49300000 3.44812
49310000 3.44873
49320000 3.44907
49330000 3.44921
49340000 3.44951
49350000 3.44995
49360000 3.45042
49370000 3.4504
49380000 3.45053
49390000 3.45119
49400000 3.45242
49410000 3.45358
49420000 3.45527
49430000 3.45625
49440000 3.45645
49450000 3.45639
49460000 3.45638
49470000 3.45614
49480000 3.45586
49490000 3.45675
49500000 3.45754
49510000 3.45769
49520000 3.45826
49530000 3.45896
49540000 3.45989
49550000 3.4602
49560000 3.46038
49570000 3.46036
49580000 3.46014
49590000 3.45985
49600000 3.45953
49610000 3.45953
49620000 3.4594
49630000 3.45886
49640000 3.45828
49650000 3.45817
49660000 3.45825
49670000 3.45897
49680000 3.45948
49690000 3.46006
49700000 3.46017
49710000 3.45973
49720000 3.45948
49730000 3.45948
49740000 3.4593
49750000 3.45894
49760000 3.45845
49770000 3.45773
49780000 3.45775
49790000 3.45767
49800000 3.45759
49810000 3.45842
49820000 3.45944
49830000 3.46045
49840000 3.46129
49850000 3.46254
49860000 3.46419
49870000 3.4657
49880000 3.46709
49890000 3.4685
49900000 3.46945
49910000 3.47044
49920000 3.47151
49930000 3.47257
49940000 3.47356
49950000 3.47385
49960000 3.47425
49970000 3.47471
49980000 3.47439
49990000 3.47477
50000000 3.47498
