# Time-averaged data for fix aveRg
# TimeStep c_Rg
20000 10.8127
30000 10.3887
40000 9.95732
50000 9.60452
60000 9.35755
70000 9.17709
80000 9.00065
90000 8.84553
100000 8.67295
110000 8.51371
120000 8.42494
130000 8.39918
140000 8.38376
150000 8.32317
160000 8.24785
170000 8.2159
180000 8.17809
190000 8.11731
200000 8.06921
210000 8.00528
220000 7.9055
230000 7.78926
240000 7.68532
250000 7.61315
260000 7.53058
270000 7.45475
280000 7.40026
290000 7.33648
300000 7.27536
310000 7.21296
320000 7.15094
330000 7.09513
340000 7.04934
350000 7.00108
360000 6.96692
370000 6.92941
380000 6.90221
390000 6.88153
400000 6.87011
410000 6.8629
420000 6.83603
430000 6.8013
440000 6.76325
450000 6.72573
460000 6.67551
470000 6.62722
480000 6.58856
490000 6.55257
500000 6.51724
510000 6.4756
520000 6.43708
530000 6.39652
540000 6.36446
550000 6.33482
560000 6.30787
570000 6.27818
580000 6.24081
590000 6.20406
600000 6.17136
610000 6.14223
620000 6.11031
630000 6.08203
640000 6.06107
650000 6.04304
660000 6.02212
670000 5.9984
680000 5.97589
690000 5.96201
700000 5.94736
710000 5.92242
720000 5.90488
730000 5.88877
740000 5.87485
750000 5.8566
760000 5.8398
770000 5.82499
780000 5.81132
790000 5.80033
800000 5.78302
810000 5.75992
820000 5.73845
830000 5.72449
840000 5.71312
850000 5.70425
860000 5.69821
870000 5.69311
880000 5.68524
890000 5.67185
900000 5.65772
910000 5.64799
920000 5.63602
930000 5.62493
940000 5.61166
950000 5.59901
960000 5.5854
970000 5.56667
980000 5.54982
990000 5.53262
1000000 5.51763
1010000 5.50507
1020000 5.49333
1030000 5.48195
1040000 5.47636
1050000 5.47382
1060000 5.47492
1070000 5.47558
1080000 5.47384
1090000 5.47259
1100000 5.47415
1110000 5.48132
1120000 5.49223
1130000 5.50663
1140000 5.52192
1150000 5.53383
1160000 5.54409
1170000 5.54993
1180000 5.55709
1190000 5.56333
1200000 5.56798
1210000 5.56948
1220000 5.57211
1230000 5.57568
1240000 5.58105
1250000 5.58745
1260000 5.59657
1270000 5.60544
1280000 5.60896
1290000 5.60656
1300000 5.60208
1310000 5.59558
1320000 5.59094
1330000 5.5866
1340000 5.58046
1350000 5.57188
1360000 5.55861
1370000 5.54547
1380000 5.53491
1390000 5.52621
1400000 5.51511
1410000 5.50674
1420000 5.4982
1430000 5.48827
1440000 5.48177
1450000 5.47663
1460000 5.474
1470000 5.47156
1480000 5.46764
1490000 5.46591
1500000 5.46379
1510000 5.45916
1520000 5.45081
1530000 5.44066
1540000 5.4328
1550000 5.42504
1560000 5.41729
1570000 5.40805
1580000 5.3993
1590000 5.38802
1600000 5.37701
1610000 5.36611
1620000 5.35709
1630000 5.34778
1640000 5.33902
1650000 5.32994
1660000 5.32109
1670000 5.31573
1680000 5.31274
1690000 5.31118
1700000 5.31101
1710000 5.30966
1720000 5.30648
1730000 5.30597
1740000 5.30438
1750000 5.30215
1760000 5.30221
1770000 5.3006
1780000 5.29882
1790000 5.29441
1800000 5.29263
1810000 5.2927
1820000 5.29336
1830000 5.29335
1840000 5.29186
1850000 5.29291
1860000 5.29407
1870000 5.2918
1880000 5.28666
1890000 5.27996
1900000 5.27649
1910000 5.27443
1920000 5.27422
1930000 5.275
1940000 5.2746
1950000 5.27183
1960000 5.26615
1970000 5.26003
1980000 5.25256
1990000 5.24662
2000000 5.24298
2010000 5.24196
2020000 5.24175
2030000 5.24053
2040000 5.23959
2050000 5.23897
2060000 5.23853
2070000 5.23838
2080000 5.23618
2090000 5.23401
2100000 5.23099
2110000 5.22626
2120000 5.22082
2130000 5.21355
2140000 5.20858
2150000 5.20432
2160000 5.19948
2170000 5.19424
2180000 5.19056
2190000 5.1863
2200000 5.18402
2210000 5.18143
2220000 5.17736
2230000 5.17192
2240000 5.16461
2250000 5.15653
2260000 5.14907
2270000 5.14253
2280000 5.13931
2290000 5.13723
2300000 5.13494
2310000 5.13208
2320000 5.13082
2330000 5.12829
2340000 5.12752
2350000 5.1278
2360000 5.12683
2370000 5.12559
2380000 5.12218
2390000 5.11851
2400000 5.11687
2410000 5.11541
2420000 5.1115
2430000 5.10707
2440000 5.10498
2450000 5.10475
2460000 5.10493
2470000 5.10545
2480000 5.10707
2490000 5.1073
2500000 5.10534
2510000 5.10368
2520000 5.10358
2530000 5.10291
2540000 5.10339
2550000 5.10541
2560000 5.1062
2570000 5.10517
2580000 5.1047
2590000 5.10394
2600000 5.1017
2610000 5.10088
2620000 5.10216
2630000 5.10259
2640000 5.10211
2650000 5.0997
2660000 5.09818
2670000 5.09662
2680000 5.09591
2690000 5.09308
2700000 5.09024
2710000 5.08711
2720000 5.08413
2730000 5.08292
2740000 5.08198
2750000 5.08215
2760000 5.08222
2770000 5.08291
2780000 5.08379
2790000 5.08438
2800000 5.0845
2810000 5.0843
2820000 5.08462
2830000 5.08529
2840000 5.08628
2850000 5.08818
2860000 5.09115
2870000 5.0948
2880000 5.09857
2890000 5.10139
2900000 5.10464
2910000 5.10858
2920000 5.11183
2930000 5.1135
2940000 5.11342
2950000 5.11341
2960000 5.11286
2970000 5.1132
2980000 5.11382
2990000 5.11551
3000000 5.1175
3010000 5.11987
3020000 5.12317
3030000 5.12662
3040000 5.1305
3050000 5.13384
3060000 5.13694
3070000 5.14057
3080000 5.14506
3090000 5.14916
3100000 5.15217
3110000 5.15404
3120000 5.15605
3130000 5.15678
3140000 5.15864
3150000 5.16106
3160000 5.1635
3170000 5.16567
3180000 5.16833
3190000 5.17139
3200000 5.1742
3210000 5.17661
3220000 5.18106
3230000 5.18499
3240000 5.18817
3250000 5.19185
3260000 5.19531
3270000 5.19728
3280000 5.19982
3290000 5.20187
3300000 5.2029
3310000 5.20409
3320000 5.20478
3330000 5.20582
3340000 5.20632
3350000 5.20756
3360000 5.20847
3370000 5.20981
3380000 5.21097
3390000 5.21106
3400000 5.21093
3410000 5.21096
3420000 5.21115
3430000 5.21042
3440000 5.20804
3450000 5.20483
3460000 5.20149
3470000 5.19938
3480000 5.1971
3490000 5.19408
3500000 5.19193
3510000 5.19042
3520000 5.18796
3530000 5.18421
3540000 5.18106
3550000 5.17881
3560000 5.17707
3570000 5.17332
3580000 5.16906
3590000 5.16401
3600000 5.16008
3610000 5.15695
3620000 5.15388
3630000 5.15054
3640000 5.14694
3650000 5.14208
3660000 5.13673
3670000 5.13182
3680000 5.1265
3690000 5.12233
3700000 5.11768
3710000 5.11385
3720000 5.11038
3730000 5.10678
3740000 5.10296
3750000 5.09865
3760000 5.09321
3770000 5.08892
3780000 5.08431
3790000 5.07984
3800000 5.0753
3810000 5.07254
3820000 5.06954
3830000 5.06655
3840000 5.06318
3850000 5.06025
3860000 5.05835
3870000 5.05719
3880000 5.05534
3890000 5.05343
3900000 5.05151
3910000 5.04996
3920000 5.04823
3930000 5.04694
3940000 5.04572
3950000 5.0446
3960000 5.04413
3970000 5.04376
3980000 5.04237
3990000 5.04093
4000000 5.03905
4010000 5.03681
4020000 5.03484
4030000 5.03435
4040000 5.03518
4050000 5.03658
4060000 5.03775
4070000 5.03885
4080000 5.03966
4090000 5.03957
4100000 5.03925
4110000 5.03916
4120000 5.04066
4130000 5.04294
4140000 5.04624
4150000 5.04949
4160000 5.05266
4170000 5.05541
4180000 5.05814
4190000 5.06127
4200000 5.06421
4210000 5.06609
4220000 5.06697
4230000 5.06754
4240000 5.06729
4250000 5.06703
4260000 5.06649
4270000 5.06693
4280000 5.0671
4290000 5.06554
4300000 5.06387
4310000 5.0626
4320000 5.06165
4330000 5.06147
4340000 5.06153
4350000 5.06127
4360000 5.06003
4370000 5.05782
4380000 5.05508
4390000 5.05435
4400000 5.05387
4410000 5.05413
4420000 5.05392
4430000 5.05385
4440000 5.05451
4450000 5.05492
4460000 5.05646
4470000 5.05851
4480000 5.05994
4490000 5.05997
4500000 5.05913
4510000 5.05908
4520000 5.0581
4530000 5.05666
4540000 5.05441
4550000 5.05349
4560000 5.05271
4570000 5.05267
4580000 5.05239
4590000 5.05163
4600000 5.0501
4610000 5.04798
4620000 5.04588
4630000 5.04332
4640000 5.04129
4650000 5.04022
4660000 5.0398
4670000 5.03868
4680000 5.03827
4690000 5.03754
4700000 5.03593
4710000 5.03533
4720000 5.03424
4730000 5.03354
4740000 5.03271
4750000 5.03177
4760000 5.03116
4770000 5.03106
4780000 5.03108
4790000 5.03165
4800000 5.03272
4810000 5.03365
4820000 5.03329
4830000 5.0326
4840000 5.03262
4850000 5.03286
4860000 5.03282
4870000 5.03242
4880000 5.03249
4890000 5.03319
4900000 5.03417
4910000 5.03508
4920000 5.03479
4930000 5.03503
4940000 5.0363
4950000 5.03729
4960000 5.03783
4970000 5.03776
4980000 5.03676
4990000 5.03491
5000000 5.03339
5010000 5.03156
5020000 5.02942
5030000 5.02794
5040000 5.02647
5050000 5.02573
5060000 5.02457
5070000 5.02261
5080000 5.02019
5090000 5.01916
5100000 5.01773
5110000 5.01636
5120000 5.01486
5130000 5.01338
5140000 5.01178
5150000 5.00955
5160000 5.00672
5170000 5.0045
5180000 5.00249
5190000 5.00025
5200000 4.99855
5210000 4.99674
5220000 4.99539
5230000 4.9933
5240000 4.99206
5250000 4.99082
5260000 4.98889
5270000 4.98722
5280000 4.98516
5290000 4.98338
5300000 4.98215
5310000 4.98048
5320000 4.97872
5330000 4.97676
5340000 4.97569
5350000 4.97534
5360000 4.97405
5370000 4.97339
5380000 4.9738
5390000 4.97467
5400000 4.97501
5410000 4.97605
5420000 4.97651
5430000 4.97628
5440000 4.97551
5450000 4.97531
5460000 4.97459
5470000 4.97381
5480000 4.97356
5490000 4.97434
5500000 4.97544
5510000 4.97589
5520000 4.97676
5530000 4.97787
5540000 4.97925
5550000 4.98091
5560000 4.98259
5570000 4.98405
5580000 4.98538
5590000 4.988
5600000 4.99028
5610000 4.99246
5620000 4.99348
5630000 4.9944
5640000 4.99498
5650000 4.99589
5660000 4.99717
5670000 4.99896
5680000 5.00048
5690000 5.00278
5700000 5.00408
5710000 5.00536
5720000 5.00701
5730000 5.00923
5740000 5.01137
5750000 5.01291
5760000 5.0146
5770000 5.01668
5780000 5.01928
5790000 5.0212
5800000 5.02267
5810000 5.02531
5820000 5.02738
5830000 5.02883
5840000 5.03052
5850000 5.03192
5860000 5.03217
5870000 5.03243
5880000 5.03234
5890000 5.03224
5900000 5.03101
5910000 5.02926
5920000 5.02698
5930000 5.02494
5940000 5.02339
5950000 5.02271
5960000 5.0225
5970000 5.02286
5980000 5.02374
5990000 5.02426
6000000 5.0248
6010000 5.02558
6020000 5.02614
6030000 5.02625
6040000 5.02612
6050000 5.02485
6060000 5.02308
6070000 5.02157
6080000 5.01943
6090000 5.01743
6100000 5.01487
6110000 5.01223
6120000 5.00977
6130000 5.00768
6140000 5.00541
6150000 5.00383
6160000 5.00249
6170000 5.00159
6180000 5.00055
6190000 4.99931
6200000 4.99819
6210000 4.99679
6220000 4.99498
6230000 4.99346
6240000 4.99119
6250000 4.98805
6260000 4.98498
6270000 4.98243
6280000 4.98025
6290000 4.97835
6300000 4.97651
6310000 4.97507
6320000 4.97456
6330000 4.97423
6340000 4.97262
6350000 4.9703
6360000 4.96733
6370000 4.96497
6380000 4.9625
6390000 4.95993
6400000 4.95784
6410000 4.95577
6420000 4.95371
6430000 4.95182
6440000 4.95068
6450000 4.95017
6460000 4.9494
6470000 4.94863
6480000 4.94795
6490000 4.94756
6500000 4.94739
6510000 4.94667
6520000 4.94568
6530000 4.94474
6540000 4.94306
6550000 4.94175
6560000 4.94059
6570000 4.93918
6580000 4.93786
6590000 4.93645
6600000 4.93534
6610000 4.93493
6620000 4.93488
6630000 4.93499
6640000 4.93613
6650000 4.93788
6660000 4.9385
6670000 4.93952
6680000 4.94031
6690000 4.94072
6700000 4.94098
6710000 4.94155
6720000 4.94135
6730000 4.94114
6740000 4.94077
6750000 4.9413
6760000 4.94194
6770000 4.9422
6780000 4.94206
6790000 4.94142
6800000 4.94085
6810000 4.93998
6820000 4.93938
6830000 4.93917
6840000 4.9384
6850000 4.93697
6860000 4.93575
6870000 4.934
6880000 4.93226
6890000 4.93079
6900000 4.92882
6910000 4.92724
6920000 4.92625
6930000 4.92582
6940000 4.92549
6950000 4.92498
6960000 4.92471
6970000 4.9248
6980000 4.92532
6990000 4.92529
7000000 4.92499
7010000 4.92525
7020000 4.92642
7030000 4.9268
7040000 4.9263
7050000 4.92576
7060000 4.92536
7070000 4.92493
7080000 4.92478
7090000 4.9257
7100000 4.92737
7110000 4.92903
7120000 4.93062
7130000 4.93238
7140000 4.93477
7150000 4.93758
7160000 4.94025
7170000 4.94158
7180000 4.94321
7190000 4.94555
7200000 4.94813
7210000 4.95105
7220000 4.95364
7230000 4.95564
7240000 4.95687
7250000 4.95716
7260000 4.95759
7270000 4.95845
7280000 4.95866
7290000 4.95813
7300000 4.9567
7310000 4.95533
7320000 4.95389
7330000 4.95238
7340000 4.95051
7350000 4.94889
7360000 4.94763
7370000 4.94649
7380000 4.94512
7390000 4.94345
7400000 4.94182
7410000 4.93982
7420000 4.93802
7430000 4.9359
7440000 4.93341
7450000 4.93083
7460000 4.92896
7470000 4.92692
7480000 4.92455
7490000 4.92234
7500000 4.92037
7510000 4.91881
7520000 4.91708
7530000 4.91487
7540000 4.9128
7550000 4.91068
7560000 4.90913
7570000 4.90762
7580000 4.90637
7590000 4.90495
7600000 4.90367
7610000 4.90229
7620000 4.9005
7630000 4.89914
7640000 4.89761
7650000 4.89571
7660000 4.89354
7670000 4.89163
7680000 4.89025
7690000 4.88892
7700000 4.88751
7710000 4.88618
7720000 4.88523
7730000 4.8844
7740000 4.88343
7750000 4.88288
7760000 4.88244
7770000 4.88178
7780000 4.88119
7790000 4.88037
7800000 4.8798
7810000 4.87949
7820000 4.8786
7830000 4.87779
7840000 4.87762
7850000 4.87738
7860000 4.87785
7870000 4.87855
7880000 4.87908
7890000 4.8795
7900000 4.88053
7910000 4.88173
7920000 4.88325
7930000 4.88451
7940000 4.88564
7950000 4.88698
7960000 4.8887
7970000 4.89026
7980000 4.89217
7990000 4.89412
8000000 4.89583
8010000 4.89763
8020000 4.89972
8030000 4.90143
8040000 4.90305
8050000 4.90403
8060000 4.90471
8070000 4.90541
8080000 4.90595
8090000 4.90692
8100000 4.9078
8110000 4.90827
8120000 4.90874
8130000 4.9092
8140000 4.90946
8150000 4.91041
8160000 4.91099
8170000 4.91166
8180000 4.91207
8190000 4.91232
8200000 4.91238
8210000 4.91263
8220000 4.91295
8230000 4.91332
8240000 4.91443
8250000 4.91491
8260000 4.91535
8270000 4.91586
8280000 4.91639
8290000 4.91659
8300000 4.91697
8310000 4.91764
8320000 4.91849
8330000 4.9185
8340000 4.91814
8350000 4.91802
8360000 4.91763
8370000 4.91709
8380000 4.91672
8390000 4.91599
8400000 4.91485
8410000 4.91395
8420000 4.91284
8430000 4.91194
8440000 4.91099
8450000 4.90981
8460000 4.90836
8470000 4.90717
8480000 4.90625
8490000 4.90548
8500000 4.90515
8510000 4.90411
8520000 4.9031
8530000 4.90255
8540000 4.90192
8550000 4.90138
8560000 4.90097
8570000 4.90091
8580000 4.90053
8590000 4.9003
8600000 4.89983
8610000 4.89963
8620000 4.89894
8630000 4.89851
8640000 4.89807
8650000 4.89791
8660000 4.89725
8670000 4.89669
8680000 4.89595
8690000 4.89543
8700000 4.89474
8710000 4.89371
8720000 4.89292
8730000 4.89242
8740000 4.89161
8750000 4.89116
8760000 4.8906
8770000 4.88972
8780000 4.88884
8790000 4.88787
8800000 4.8866
8810000 4.88561
8820000 4.88473
8830000 4.88423
8840000 4.88394
8850000 4.88382
8860000 4.88411
8870000 4.88419
8880000 4.88378
8890000 4.88338
8900000 4.88308
8910000 4.88332
8920000 4.88369
8930000 4.88344
8940000 4.88317
8950000 4.88341
8960000 4.88382
8970000 4.88432
8980000 4.88436
8990000 4.88434
9000000 4.88443
9010000 4.88453
9020000 4.88455
9030000 4.88473
9040000 4.88532
9050000 4.88588
9060000 4.88612
9070000 4.88659
9080000 4.88658
9090000 4.88598
9100000 4.88522
9110000 4.8846
9120000 4.88421
9130000 4.8843
9140000 4.88426
9150000 4.88482
9160000 4.88522
9170000 4.88494
9180000 4.88449
9190000 4.88416
9200000 4.88427
9210000 4.88413
9220000 4.88435
9230000 4.88464
9240000 4.88529
9250000 4.8867
9260000 4.88839
9270000 4.88975
9280000 4.89166
9290000 4.89325
9300000 4.89448
9310000 4.89581
9320000 4.89752
9330000 4.89917
9340000 4.90033
9350000 4.90158
9360000 4.90321
9370000 4.90478
9380000 4.90624
9390000 4.90771
9400000 4.90976
9410000 4.91145
9420000 4.91282
9430000 4.91381
9440000 4.91462
9450000 4.91562
9460000 4.91655
9470000 4.91782
9480000 4.91885
9490000 4.91981
9500000 4.92077
9510000 4.9213
9520000 4.92144
9530000 4.92164
9540000 4.92203
9550000 4.92222
9560000 4.92212
9570000 4.92172
9580000 4.92079
9590000 4.92019
9600000 4.92037
9610000 4.92044
9620000 4.92006
9630000 4.91895
9640000 4.91834
9650000 4.91771
9660000 4.91652
9670000 4.91504
9680000 4.91363
9690000 4.91218
9700000 4.91068
9710000 4.90947
9720000 4.90844
9730000 4.90749
9740000 4.90691
9750000 4.90641
9760000 4.90578
9770000 4.90508
9780000 4.90412
9790000 4.90306
9800000 4.90183
9810000 4.90123
9820000 4.90036
9830000 4.89963
9840000 4.89916
9850000 4.89856
9860000 4.8979
9870000 4.89706
9880000 4.89602
9890000 4.89533
9900000 4.8948
9910000 4.89464
9920000 4.89452
9930000 4.89418
9940000 4.89345
9950000 4.89293
9960000 4.89271
9970000 4.89291
9980000 4.89319
9990000 4.89371
10000000 4.89392
10010000 4.89444
10020000 4.88929
10030000 4.8845
10040000 4.88068
10050000 4.8772
10060000 4.87396
10070000 4.8708
10080000 4.86753
10090000 4.86444
10100000 4.86182
10110000 4.85931
10120000 4.85577
10130000 4.85186
10140000 4.84786
10150000 4.84478
10160000 4.84185
10170000 4.83856
10180000 4.83581
10190000 4.83394
10200000 4.83171
10210000 4.82992
10220000 4.82925
10230000 4.82866
10240000 4.82783
10250000 4.82677
10260000 4.82592
10270000 4.8253
10280000 4.82449
10290000 4.82344
10300000 4.8227
10310000 4.82218
10320000 4.8213
10330000 4.82019
10340000 4.81903
10350000 4.81835
10360000 4.81716
10370000 4.81625
10380000 4.81514
10390000 4.81397
10400000 4.81228
10410000 4.81053
10420000 4.80967
10430000 4.80873
10440000 4.80755
10450000 4.8062
10460000 4.80551
10470000 4.80492
10480000 4.80368
10490000 4.80215
10500000 4.80105
10510000 4.80052
10520000 4.80001
10530000 4.79946
10540000 4.79839
10550000 4.79703
10560000 4.79536
10570000 4.79423
10580000 4.79335
10590000 4.79264
10600000 4.79196
10610000 4.79142
10620000 4.79136
10630000 4.79068
10640000 4.78945
10650000 4.78851
10660000 4.78786
10670000 4.78781
10680000 4.7874
10690000 4.7862
10700000 4.78531
10710000 4.78552
10720000 4.78456
10730000 4.78343
10740000 4.78211
10750000 4.78118
10760000 4.78078
10770000 4.78037
10780000 4.77969
10790000 4.77883
10800000 4.77835
10810000 4.77845
10820000 4.77844
10830000 4.77837
10840000 4.77818
10850000 4.77755
10860000 4.77697
10870000 4.7765
10880000 4.7758
10890000 4.77567
10900000 4.77576
10910000 4.77586
10920000 4.77635
10930000 4.77762
10940000 4.77933
10950000 4.7811
10960000 4.78245
10970000 4.78432
10980000 4.78587
10990000 4.78776
11000000 4.78924
11010000 4.79038
11020000 4.79147
11030000 4.7928
11040000 4.79348
11050000 4.79422
11060000 4.79447
11070000 4.795
11080000 4.79585
11090000 4.79681
11100000 4.79734
11110000 4.79715
11120000 4.79679
11130000 4.79578
11140000 4.79372
11150000 4.79272
11160000 4.7921
11170000 4.79201
11180000 4.79164
11190000 4.79134
11200000 4.79168
11210000 4.79229
11220000 4.79221
11230000 4.79162
11240000 4.79079
11250000 4.78985
11260000 4.78907
11270000 4.78854
11280000 4.78899
11290000 4.78994
11300000 4.79097
11310000 4.79187
11320000 4.79295
11330000 4.79381
11340000 4.79474
11350000 4.79584
11360000 4.79785
11370000 4.79967
11380000 4.80068
11390000 4.80135
11400000 4.80216
11410000 4.80278
11420000 4.80329
11430000 4.80415
11440000 4.80446
11450000 4.80459
11460000 4.8044
11470000 4.80416
11480000 4.80391
11490000 4.80341
11500000 4.80305
11510000 4.80296
11520000 4.80344
11530000 4.80374
11540000 4.80392
11550000 4.80393
11560000 4.80413
11570000 4.80493
11580000 4.80616
11590000 4.80781
11600000 4.80913
11610000 4.81074
11620000 4.81238
11630000 4.814
11640000 4.8153
11650000 4.81626
11660000 4.81753
11670000 4.81856
11680000 4.81953
11690000 4.82057
11700000 4.82135
11710000 4.82254
11720000 4.82378
11730000 4.82436
11740000 4.82507
11750000 4.82569
11760000 4.8257
11770000 4.8258
11780000 4.82622
11790000 4.82718
11800000 4.82763
11810000 4.82775
11820000 4.82795
11830000 4.8283
11840000 4.82905
11850000 4.8293
11860000 4.82918
11870000 4.82945
11880000 4.83022
11890000 4.8318
11900000 4.83244
11910000 4.83346
11920000 4.83425
11930000 4.83493
11940000 4.83599
11950000 4.83756
11960000 4.83999
11970000 4.84232
11980000 4.84445
11990000 4.84559
12000000 4.84622
12010000 4.84574
12020000 4.84478
12030000 4.84391
12040000 4.8428
12050000 4.84187
12060000 4.84075
12070000 4.83991
12080000 4.83943
12090000 4.8391
12100000 4.83843
12110000 4.83832
12120000 4.83834
12130000 4.83847
12140000 4.83792
12150000 4.83741
12160000 4.83723
12170000 4.83769
12180000 4.83728
12190000 4.83767
12200000 4.83798
12210000 4.83892
12220000 4.8405
12230000 4.84183
12240000 4.84337
12250000 4.84519
12260000 4.84654
12270000 4.84754
12280000 4.84765
12290000 4.84742
12300000 4.84704
12310000 4.84658
12320000 4.84604
12330000 4.84594
12340000 4.84536
12350000 4.84399
12360000 4.84314
12370000 4.84214
12380000 4.84189
12390000 4.8418
12400000 4.84109
12410000 4.8403
12420000 4.84052
12430000 4.84092
12440000 4.84002
12450000 4.83831
12460000 4.83712
12470000 4.83645
12480000 4.83567
12490000 4.83524
12500000 4.83514
12510000 4.8351
12520000 4.83547
12530000 4.83626
12540000 4.83701
12550000 4.83714
12560000 4.83786
12570000 4.83904
12580000 4.83966
12590000 4.83979
12600000 4.84029
12610000 4.84037
12620000 4.83993
12630000 4.84007
12640000 4.84067
12650000 4.84166
12660000 4.84163
12670000 4.84153
12680000 4.84087
12690000 4.84101
12700000 4.84121
12710000 4.84146
12720000 4.84129
12730000 4.84049
12740000 4.83963
12750000 4.83869
12760000 4.83788
12770000 4.83677
12780000 4.83545
12790000 4.83456
12800000 4.83387
12810000 4.83344
12820000 4.83322
12830000 4.83323
12840000 4.83243
12850000 4.83105
12860000 4.82912
12870000 4.8272
12880000 4.82502
12890000 4.82306
12900000 4.82098
12910000 4.8185
12920000 4.81642
12930000 4.81507
12940000 4.81441
12950000 4.81387
12960000 4.81372
12970000 4.81372
12980000 4.8136
12990000 4.81301
13000000 4.81253
13010000 4.81207
13020000 4.81106
13030000 4.80998
13040000 4.80893
13050000 4.80828
13060000 4.80786
13070000 4.80714
13080000 4.80628
13090000 4.80521
13100000 4.80494
13110000 4.80543
13120000 4.80631
13130000 4.80731
13140000 4.80802
13150000 4.80756
13160000 4.80658
13170000 4.80573
13180000 4.80471
13190000 4.80305
13200000 4.80103
13210000 4.79901
13220000 4.79617
13230000 4.79366
13240000 4.792
13250000 4.79036
13260000 4.78874
13270000 4.78798
13280000 4.78743
13290000 4.7875
13300000 4.78803
13310000 4.78862
13320000 4.78941
13330000 4.78999
13340000 4.79059
13350000 4.79085
13360000 4.79132
13370000 4.79154
13380000 4.79151
13390000 4.79176
13400000 4.79199
13410000 4.79211
13420000 4.7921
13430000 4.7919
13440000 4.79194
13450000 4.7926
13460000 4.79332
13470000 4.79343
13480000 4.79324
13490000 4.79371
13500000 4.79342
13510000 4.79327
13520000 4.7938
13530000 4.79519
13540000 4.79608
13550000 4.79666
13560000 4.7969
13570000 4.79805
13580000 4.79966
13590000 4.80205
13600000 4.80435
13610000 4.80678
13620000 4.80882
13630000 4.81077
13640000 4.81217
13650000 4.81372
13660000 4.81588
13670000 4.81784
13680000 4.81968
13690000 4.82094
13700000 4.82196
13710000 4.82198
13720000 4.82208
13730000 4.82271
13740000 4.82369
13750000 4.82477
13760000 4.82561
13770000 4.82613
13780000 4.82654
13790000 4.82686
13800000 4.82766
13810000 4.8276
13820000 4.82761
13830000 4.8279
13840000 4.82883
13850000 4.82937
13860000 4.82969
13870000 4.8301
13880000 4.83071
13890000 4.83126
13900000 4.83161
13910000 4.83194
13920000 4.83195
13930000 4.83178
13940000 4.83212
13950000 4.83254
13960000 4.83256
13970000 4.83214
13980000 4.83199
13990000 4.83212
14000000 4.83193
14010000 4.83219
14020000 4.83258
14030000 4.83213
14040000 4.83109
14050000 4.8296
14060000 4.82817
14070000 4.82668
14080000 4.82527
14090000 4.82421
14100000 4.82368
14110000 4.82284
14120000 4.82149
14130000 4.81985
14140000 4.81808
14150000 4.81679
14160000 4.81497
14170000 4.81292
14180000 4.81079
14190000 4.80865
14200000 4.80626
14210000 4.80412
14220000 4.80271
14230000 4.80127
14240000 4.8006
14250000 4.80029
14260000 4.80042
14270000 4.79991
14280000 4.79942
14290000 4.79972
14300000 4.80018
14310000 4.80045
14320000 4.80035
14330000 4.79982
14340000 4.80011
14350000 4.80051
14360000 4.80173
14370000 4.80374
14380000 4.80557
14390000 4.80636
14400000 4.80658
14410000 4.80624
14420000 4.80649
14430000 4.80666
14440000 4.80694
14450000 4.80813
14460000 4.8087
14470000 4.80871
14480000 4.80836
14490000 4.80821
14500000 4.80807
14510000 4.80763
14520000 4.80764
14530000 4.80788
14540000 4.80832
14550000 4.80831
14560000 4.80876
14570000 4.80895
14580000 4.80926
14590000 4.81008
14600000 4.81128
14610000 4.81313
14620000 4.81498
14630000 4.81703
14640000 4.81853
14650000 4.81994
14660000 4.82106
14670000 4.82261
14680000 4.82337
14690000 4.82425
14700000 4.8258
14710000 4.82676
14720000 4.82739
14730000 4.82773
14740000 4.82766
14750000 4.82748
14760000 4.82676
14770000 4.82579
14780000 4.82485
14790000 4.82356
14800000 4.82221
14810000 4.82117
14820000 4.82086
14830000 4.82077
14840000 4.82036
14850000 4.8198
14860000 4.81896
14870000 4.8185
14880000 4.81775
14890000 4.81681
14900000 4.81562
14910000 4.8147
14920000 4.81518
14930000 4.81486
14940000 4.81418
14950000 4.81365
14960000 4.81288
14970000 4.81227
14980000 4.81226
14990000 4.81301
15000000 4.81384
15010000 4.8152
15020000 4.81761
15030000 4.81978
15040000 4.82246
15050000 4.82462
15060000 4.82643
15070000 4.82883
15080000 4.83159
15090000 4.83318
15100000 4.83481
15110000 4.83615
15120000 4.83761
15130000 4.83843
15140000 4.83892
15150000 4.84013
15160000 4.8419
15170000 4.84369
15180000 4.84571
15190000 4.84751
15200000 4.8488
15210000 4.85018
15220000 4.85136
15230000 4.85265
15240000 4.85306
15250000 4.85387
15260000 4.85458
15270000 4.85484
15280000 4.85532
15290000 4.85541
15300000 4.85516
15310000 4.85479
15320000 4.85454
15330000 4.85453
15340000 4.85372
15350000 4.85289
15360000 4.85278
15370000 4.85263
15380000 4.85252
15390000 4.85215
15400000 4.85183
15410000 4.85117
15420000 4.85074
15430000 4.85103
15440000 4.85123
15450000 4.85064
15460000 4.84997
15470000 4.84907
15480000 4.84793
15490000 4.84601
15500000 4.84405
15510000 4.84275
15520000 4.84156
15530000 4.84022
15540000 4.83867
15550000 4.83664
15560000 4.83439
15570000 4.83247
15580000 4.83083
15590000 4.8284
15600000 4.82646
15610000 4.82472
15620000 4.82409
15630000 4.82354
15640000 4.82284
15650000 4.82215
15660000 4.8215
15670000 4.82043
15680000 4.81914
15690000 4.81724
15700000 4.81623
15710000 4.81542
15720000 4.81437
15730000 4.81318
15740000 4.81255
15750000 4.81256
15760000 4.81224
15770000 4.81175
15780000 4.81091
15790000 4.81053
15800000 4.8105
15810000 4.80976
15820000 4.80928
15830000 4.80898
15840000 4.80837
15850000 4.80764
15860000 4.80702
15870000 4.80616
15880000 4.80574
15890000 4.80519
15900000 4.80524
15910000 4.80527
15920000 4.80575
15930000 4.80588
15940000 4.80581
15950000 4.80545
15960000 4.80485
15970000 4.80365
15980000 4.80251
15990000 4.8015
16000000 4.80015
16010000 4.79928
16020000 4.79893
16030000 4.79905
16040000 4.79925
16050000 4.80047
16060000 4.80176
16070000 4.803
16080000 4.80426
16090000 4.80547
16100000 4.8071
16110000 4.8093
16120000 4.81152
16130000 4.81303
16140000 4.81429
16150000 4.81464
16160000 4.81518
16170000 4.81532
16180000 4.81542
16190000 4.81565
16200000 4.81604
16210000 4.8169
16220000 4.81798
16230000 4.81928
16240000 4.82067
16250000 4.8226
16260000 4.82448
16270000 4.82552
16280000 4.82631
16290000 4.82697
16300000 4.82814
16310000 4.82954
16320000 4.83063
16330000 4.83176
16340000 4.83414
16350000 4.83656
16360000 4.83913
16370000 4.8415
16380000 4.84392
16390000 4.84628
16400000 4.84801
16410000 4.84875
16420000 4.84952
16430000 4.85054
16440000 4.85079
16450000 4.85122
16460000 4.85235
16470000 4.85328
16480000 4.85389
16490000 4.85399
16500000 4.854
16510000 4.85454
16520000 4.85522
16530000 4.85606
16540000 4.85745
16550000 4.85834
16560000 4.85907
16570000 4.85953
16580000 4.85966
16590000 4.86013
16600000 4.86006
16610000 4.85923
16620000 4.85794
16630000 4.85692
16640000 4.85561
16650000 4.85386
16660000 4.85243
16670000 4.85118
16680000 4.85053
16690000 4.84945
16700000 4.84868
16710000 4.8477
16720000 4.847
16730000 4.8467
16740000 4.84696
16750000 4.84655
16760000 4.84543
16770000 4.84432
16780000 4.84336
16790000 4.84291
16800000 4.84256
16810000 4.84261
16820000 4.84224
16830000 4.84173
16840000 4.84209
16850000 4.84357
16860000 4.84465
16870000 4.84647
16880000 4.84852
16890000 4.84982
16900000 4.8516
16910000 4.8532
16920000 4.85496
16930000 4.85681
16940000 4.85858
16950000 4.8599
16960000 4.86084
16970000 4.86127
16980000 4.8614
16990000 4.86143
17000000 4.86125
17010000 4.86049
17020000 4.85937
17030000 4.85859
17040000 4.85898
17050000 4.85905
17060000 4.85904
17070000 4.8594
17080000 4.85944
17090000 4.85871
17100000 4.8572
17110000 4.8557
17120000 4.85428
17130000 4.85241
17140000 4.85014
17150000 4.84732
17160000 4.8445
17170000 4.8425
17180000 4.84021
17190000 4.83752
17200000 4.83457
17210000 4.8312
17220000 4.82801
17230000 4.82542
17240000 4.82335
17250000 4.82193
17260000 4.82001
17270000 4.81802
17280000 4.81655
17290000 4.81515
17300000 4.81467
17310000 4.81423
17320000 4.81396
17330000 4.81346
17340000 4.81299
17350000 4.81279
17360000 4.81248
17370000 4.81173
17380000 4.81118
17390000 4.81101
17400000 4.81115
17410000 4.81203
17420000 4.8128
17430000 4.81341
17440000 4.81427
17450000 4.81531
17460000 4.81576
17470000 4.81604
17480000 4.8166
17490000 4.81753
17500000 4.8186
17510000 4.81924
17520000 4.81956
17530000 4.82038
17540000 4.82147
17550000 4.82267
17560000 4.82343
17570000 4.82431
17580000 4.82579
17590000 4.82777
17600000 4.8298
17610000 4.83134
17620000 4.83341
17630000 4.83582
17640000 4.83862
17650000 4.84131
17660000 4.84357
17670000 4.84524
17680000 4.84646
17690000 4.84749
17700000 4.84863
17710000 4.84946
17720000 4.84993
17730000 4.85015
17740000 4.85068
17750000 4.85104
17760000 4.85136
17770000 4.85163
17780000 4.85151
17790000 4.85166
17800000 4.85178
17810000 4.85163
17820000 4.8522
17830000 4.8526
17840000 4.85203
17850000 4.85147
17860000 4.8501
17870000 4.84852
17880000 4.84681
17890000 4.84534
17900000 4.8435
17910000 4.8416
17920000 4.83944
17930000 4.83698
17940000 4.83492
17950000 4.83252
17960000 4.82999
17970000 4.82821
17980000 4.82632
17990000 4.82406
18000000 4.82213
18010000 4.8208
18020000 4.81937
18030000 4.81768
18040000 4.81585
18050000 4.81453
18060000 4.81368
18070000 4.81266
18080000 4.81172
18090000 4.81046
18100000 4.80906
18110000 4.808
18120000 4.80698
18130000 4.80606
18140000 4.80562
18150000 4.80514
18160000 4.8055
18170000 4.80601
18180000 4.80684
18190000 4.80803
18200000 4.80958
18210000 4.8109
18220000 4.81203
18230000 4.81308
18240000 4.81359
18250000 4.81468
18260000 4.81585
18270000 4.81675
18280000 4.81731
18290000 4.81794
18300000 4.81819
18310000 4.81837
18320000 4.81852
18330000 4.81892
18340000 4.81952
18350000 4.81923
18360000 4.81898
18370000 4.81918
18380000 4.81904
18390000 4.8192
18400000 4.81999
18410000 4.8202
18420000 4.82058
18430000 4.82095
18440000 4.82147
18450000 4.82215
18460000 4.82296
18470000 4.82327
18480000 4.82354
18490000 4.8231
18500000 4.82244
18510000 4.82252
18520000 4.82298
18530000 4.82335
18540000 4.8237
18550000 4.82433
18560000 4.82526
18570000 4.82642
18580000 4.82754
18590000 4.82819
18600000 4.82908
18610000 4.83013
18620000 4.83135
18630000 4.83235
18640000 4.83329
18650000 4.83433
18660000 4.83588
18670000 4.83735
18680000 4.83857
18690000 4.83964
18700000 4.84098
18710000 4.84272
18720000 4.84358
18730000 4.84376
18740000 4.84431
18750000 4.84511
18760000 4.84557
18770000 4.84592
18780000 4.84644
18790000 4.84683
18800000 4.84799
18810000 4.8487
18820000 4.84929
18830000 4.84895
18840000 4.84826
18850000 4.84704
18860000 4.84551
18870000 4.84417
18880000 4.8434
18890000 4.84284
18900000 4.84241
18910000 4.84155
18920000 4.84029
18930000 4.83966
18940000 4.83929
18950000 4.8384
18960000 4.83723
18970000 4.83622
18980000 4.83588
18990000 4.83561
19000000 4.83522
19010000 4.83455
19020000 4.83356
19030000 4.83183
19040000 4.82988
19050000 4.82807
19060000 4.82665
19070000 4.82497
19080000 4.82398
19090000 4.82296
19100000 4.82193
19110000 4.82099
19120000 4.82012
19130000 4.81907
19140000 4.81822
19150000 4.81678
19160000 4.81561
19170000 4.81471
19180000 4.8137
19190000 4.81272
19200000 4.81095
19210000 4.8092
19220000 4.80723
19230000 4.80578
19240000 4.80422
19250000 4.8013
19260000 4.79801
19270000 4.79533
19280000 4.79251
19290000 4.79003
19300000 4.78822
19310000 4.78629
19320000 4.78404
19330000 4.78186
19340000 4.78
19350000 4.77796
19360000 4.77538
19370000 4.77268
19380000 4.77002
19390000 4.76723
19400000 4.76374
19410000 4.76069
19420000 4.75808
19430000 4.75601
19440000 4.75383
19450000 4.75164
19460000 4.74982
19470000 4.74854
19480000 4.74782
19490000 4.74735
19500000 4.74672
19510000 4.74658
19520000 4.74684
19530000 4.74692
19540000 4.74684
19550000 4.74663
19560000 4.74665
19570000 4.74673
19580000 4.74705
19590000 4.74658
19600000 4.7453
19610000 4.74412
19620000 4.74293
19630000 4.74231
19640000 4.74148
19650000 4.74078
19660000 4.74077
19670000 4.74116
19680000 4.74195
19690000 4.74239
19700000 4.7426
19710000 4.74295
19720000 4.7433
19730000 4.74348
19740000 4.74339
19750000 4.74328
19760000 4.74299
19770000 4.74283
19780000 4.74286
19790000 4.74334
19800000 4.7443
19810000 4.74465
19820000 4.74596
19830000 4.74697
19840000 4.74762
19850000 4.74815
19860000 4.7489
19870000 4.74996
19880000 4.75127
19890000 4.75172
19900000 4.75239
19910000 4.75294
19920000 4.75285
19930000 4.75288
19940000 4.75319
19950000 4.75351
19960000 4.75357
19970000 4.75316
19980000 4.7528
19990000 4.75219
20000000 4.75221
20010000 4.75197
20020000 4.75188
20030000 4.75239
20040000 4.75285
20050000 4.75326
20060000 4.75327
20070000 4.75322
20080000 4.75389
20090000 4.75459
20100000 4.75522
20110000 4.7558
20120000 4.75642
20130000 4.75738
20140000 4.75857
20150000 4.75918
20160000 4.76035
20170000 4.76151
20180000 4.76287
20190000 4.76407
20200000 4.7654
20210000 4.76594
20220000 4.76649
20230000 4.76728
20240000 4.76802
20250000 4.76873
20260000 4.76965
20270000 4.76996
20280000 4.76998
20290000 4.77061
20300000 4.77062
20310000 4.7704
20320000 4.77083
20330000 4.77155
20340000 4.77122
20350000 4.77028
20360000 4.76979
20370000 4.76972
20380000 4.76944
20390000 4.76894
20400000 4.76839
20410000 4.76783
20420000 4.76716
20430000 4.76701
20440000 4.76771
20450000 4.7688
20460000 4.77021
20470000 4.7711
20480000 4.77206
20490000 4.77294
20500000 4.77366
20510000 4.77453
20520000 4.77571
20530000 4.77704
20540000 4.77826
20550000 4.77998
20560000 4.78203
20570000 4.78385
20580000 4.78568
20590000 4.78677
20600000 4.78816
20610000 4.78948
20620000 4.78987
20630000 4.791
20640000 4.79299
20650000 4.79439
20660000 4.79513
20670000 4.79478
20680000 4.79526
20690000 4.79616
20700000 4.79662
20710000 4.79669
20720000 4.79746
20730000 4.79813
20740000 4.79902
20750000 4.79971
20760000 4.79996
20770000 4.80024
20780000 4.80056
20790000 4.80044
20800000 4.80038
20810000 4.80034
20820000 4.79995
20830000 4.79904
20840000 4.79849
20850000 4.79863
20860000 4.79845
20870000 4.79781
20880000 4.79808
20890000 4.79863
20900000 4.7989
20910000 4.79849
20920000 4.79819
20930000 4.79735
20940000 4.79629
20950000 4.79506
20960000 4.79486
20970000 4.79469
20980000 4.7945
20990000 4.79404
21000000 4.79391
21010000 4.79364
21020000 4.79309
21030000 4.79206
21040000 4.7913
21050000 4.78987
21060000 4.7884
21070000 4.78708
21080000 4.78593
21090000 4.78444
21100000 4.78306
21110000 4.78219
21120000 4.78098
21130000 4.77981
21140000 4.77957
21150000 4.7789
21160000 4.77814
21170000 4.77712
21180000 4.7759
21190000 4.774
21200000 4.77164
21210000 4.76949
21220000 4.76803
21230000 4.76708
21240000 4.76628
21250000 4.76538
21260000 4.764
21270000 4.7621
21280000 4.75948
21290000 4.75729
21300000 4.75506
21310000 4.75339
21320000 4.75085
21330000 4.74845
21340000 4.74623
21350000 4.7442
21360000 4.74187
21370000 4.74011
21380000 4.73886
21390000 4.73757
21400000 4.73656
21410000 4.73537
21420000 4.73479
21430000 4.7341
21440000 4.73317
21450000 4.73215
21460000 4.73131
21470000 4.73089
21480000 4.73025
21490000 4.73016
21500000 4.73001
21510000 4.73014
21520000 4.73023
21530000 4.73043
21540000 4.73045
21550000 4.73078
21560000 4.73088
21570000 4.73038
21580000 4.72925
21590000 4.72835
21600000 4.72817
21610000 4.72732
21620000 4.7265
21630000 4.72601
21640000 4.72517
21650000 4.72486
21660000 4.72416
21670000 4.72221
21680000 4.71986
21690000 4.71689
21700000 4.71428
21710000 4.71181
21720000 4.70989
21730000 4.70858
21740000 4.70765
21750000 4.70639
21760000 4.70545
21770000 4.70492
21780000 4.70429
21790000 4.70415
21800000 4.70342
21810000 4.70214
21820000 4.70093
21830000 4.70009
21840000 4.69905
21850000 4.69802
21860000 4.69756
21870000 4.69674
21880000 4.69628
21890000 4.69544
21900000 4.69513
21910000 4.69351
21920000 4.69152
21930000 4.6894
21940000 4.6872
21950000 4.68477
21960000 4.68179
21970000 4.67882
21980000 4.67652
21990000 4.67498
22000000 4.6738
22010000 4.6733
22020000 4.67305
22030000 4.67318
22040000 4.67324
22050000 4.67308
22060000 4.673
22070000 4.67272
22080000 4.67295
22090000 4.67282
22100000 4.67285
22110000 4.67322
22120000 4.67397
22130000 4.67488
22140000 4.67599
22150000 4.67724
22160000 4.67861
22170000 4.67911
22180000 4.68005
22190000 4.68033
22200000 4.68013
22210000 4.67996
22220000 4.67994
22230000 4.68039
22240000 4.68053
22250000 4.68018
22260000 4.67996
22270000 4.6805
22280000 4.68078
22290000 4.68067
22300000 4.681
22310000 4.68141
22320000 4.6814
22330000 4.68123
22340000 4.68077
22350000 4.6806
22360000 4.68053
22370000 4.68099
22380000 4.68104
22390000 4.68077
22400000 4.68074
22410000 4.68113
22420000 4.68079
22430000 4.6802
22440000 4.68018
22450000 4.68061
22460000 4.68035
22470000 4.67973
22480000 4.67898
22490000 4.67845
22500000 4.67859
22510000 4.6785
22520000 4.67768
22530000 4.67683
22540000 4.67534
22550000 4.67487
22560000 4.67456
22570000 4.67417
22580000 4.67379
22590000 4.67394
22600000 4.67386
22610000 4.67355
22620000 4.67346
22630000 4.6731
22640000 4.67274
22650000 4.67226
22660000 4.67224
22670000 4.67224
22680000 4.67242
22690000 4.67231
22700000 4.67231
22710000 4.6726
22720000 4.67315
22730000 4.67388
22740000 4.67465
22750000 4.67553
22760000 4.67618
22770000 4.67697
22780000 4.67756
22790000 4.67774
22800000 4.67786
22810000 4.67764
22820000 4.67691
22830000 4.67537
22840000 4.67467
22850000 4.67428
22860000 4.67391
22870000 4.6734
22880000 4.67289
22890000 4.67238
22900000 4.67181
22910000 4.67172
22920000 4.67128
22930000 4.67038
22940000 4.66982
22950000 4.66947
22960000 4.66887
22970000 4.6676
22980000 4.66653
22990000 4.66586
23000000 4.66516
23010000 4.66426
23020000 4.66381
23030000 4.66351
23040000 4.66332
23050000 4.6632
23060000 4.66294
23070000 4.66269
23080000 4.66206
23090000 4.66153
23100000 4.66078
23110000 4.65918
23120000 4.65692
23130000 4.6552
23140000 4.6537
23150000 4.6531
23160000 4.65297
23170000 4.65209
23180000 4.65095
23190000 4.65023
23200000 4.65013
23210000 4.64993
23220000 4.65022
23230000 4.65044
23240000 4.65025
23250000 4.65038
23260000 4.65083
23270000 4.65096
23280000 4.65111
23290000 4.65052
23300000 4.64964
23310000 4.64836
23320000 4.64773
23330000 4.64707
23340000 4.64641
23350000 4.64557
23360000 4.6447
23370000 4.64448
23380000 4.64493
23390000 4.64537
23400000 4.64637
23410000 4.64731
23420000 4.648
23430000 4.64916
23440000 4.65049
23450000 4.65107
23460000 4.65195
23470000 4.65315
23480000 4.655
23490000 4.65647
23500000 4.65817
23510000 4.65887
23520000 4.65926
23530000 4.65949
23540000 4.65989
23550000 4.66045
23560000 4.6612
23570000 4.66157
23580000 4.66137
23590000 4.66037
23600000 4.65912
23610000 4.65756
23620000 4.6561
23630000 4.65481
23640000 4.65359
23650000 4.65233
23660000 4.65055
23670000 4.64892
23680000 4.64729
23690000 4.6459
23700000 4.64543
23710000 4.64579
23720000 4.64609
23730000 4.64621
23740000 4.64592
23750000 4.64548
23760000 4.64576
23770000 4.6461
23780000 4.64683
23790000 4.6477
23800000 4.64831
23810000 4.64899
23820000 4.65014
23830000 4.65139
23840000 4.6524
23850000 4.65344
23860000 4.65439
23870000 4.65503
23880000 4.65673
23890000 4.65853
23900000 4.66041
23910000 4.66184
23920000 4.66348
23930000 4.66493
23940000 4.66512
23950000 4.66557
23960000 4.66622
23970000 4.66701
23980000 4.66812
23990000 4.66952
24000000 4.67098
24010000 4.67192
24020000 4.67285
24030000 4.67405
24040000 4.67545
24050000 4.6763
24060000 4.67714
24070000 4.67834
24080000 4.67957
24090000 4.68109
24100000 4.68261
24110000 4.68461
24120000 4.68689
24130000 4.68914
24140000 4.69098
24150000 4.69258
24160000 4.69514
24170000 4.69838
24180000 4.70085
24190000 4.70346
24200000 4.7064
24210000 4.70947
24220000 4.71221
24230000 4.71514
24240000 4.71795
24250000 4.72033
24260000 4.72164
24270000 4.72303
24280000 4.72414
24290000 4.72566
24300000 4.72739
24310000 4.72921
24320000 4.7315
24330000 4.7336
24340000 4.7347
24350000 4.73558
24360000 4.73593
24370000 4.73631
24380000 4.73727
24390000 4.73827
24400000 4.73957
24410000 4.74039
24420000 4.74012
24430000 4.73975
24440000 4.73834
24450000 4.73587
24460000 4.73374
24470000 4.73215
24480000 4.73111
24490000 4.73062
24500000 4.73044
24510000 4.72985
24520000 4.7294
24530000 4.72887
24540000 4.72847
24550000 4.72783
24560000 4.72634
24570000 4.72523
24580000 4.72409
24590000 4.72298
24600000 4.72167
24610000 4.72032
24620000 4.71943
24630000 4.71861
24640000 4.71793
24650000 4.71701
24660000 4.71557
24670000 4.71399
24680000 4.71269
24690000 4.71135
24700000 4.70942
24710000 4.70783
24720000 4.70655
24730000 4.70563
24740000 4.70511
24750000 4.70475
24760000 4.70524
24770000 4.70562
24780000 4.70617
24790000 4.70698
24800000 4.70769
24810000 4.70774
24820000 4.70791
24830000 4.7081
24840000 4.70816
24850000 4.70837
24860000 4.70895
24870000 4.70937
24880000 4.71001
24890000 4.71026
24900000 4.71065
24910000 4.71093
24920000 4.71022
24930000 4.70976
24940000 4.70898
24950000 4.70839
24960000 4.70835
24970000 4.70804
24980000 4.707
24990000 4.70577
25000000 4.70402
25010000 4.70197
25020000 4.69873
25030000 4.69562
25040000 4.69205
25050000 4.68918
25060000 4.68726
25070000 4.68543
25080000 4.68339
25090000 4.68183
25100000 4.68058
25110000 4.67928
25120000 4.67798
25130000 4.67742
25140000 4.67738
25150000 4.67684
25160000 4.67564
25170000 4.67384
25180000 4.6719
25190000 4.67046
25200000 4.66912
25210000 4.66826
25220000 4.66744
25230000 4.66661
25240000 4.66642
25250000 4.66616
25260000 4.66606
25270000 4.66637
25280000 4.66662
25290000 4.66723
25300000 4.66752
25310000 4.66861
25320000 4.66968
25330000 4.6703
25340000 4.67119
25350000 4.67169
25360000 4.67188
25370000 4.67188
25380000 4.67097
25390000 4.66989
25400000 4.66848
25410000 4.6671
25420000 4.66613
25430000 4.66491
25440000 4.66401
25450000 4.66375
25460000 4.664
25470000 4.66473
25480000 4.66558
25490000 4.66657
25500000 4.66741
25510000 4.66788
25520000 4.66827
25530000 4.66836
25540000 4.66899
25550000 4.67003
25560000 4.67116
25570000 4.67213
25580000 4.67337
25590000 4.67494
25600000 4.67646
25610000 4.67819
25620000 4.67966
25630000 4.68111
25640000 4.68238
25650000 4.6832
25660000 4.68374
25670000 4.68458
25680000 4.68584
25690000 4.68734
25700000 4.68876
25710000 4.68937
25720000 4.68968
25730000 4.68989
25740000 4.68945
25750000 4.68897
25760000 4.6883
25770000 4.68781
25780000 4.68788
25790000 4.68749
25800000 4.68686
25810000 4.68639
25820000 4.68601
25830000 4.68594
25840000 4.68625
25850000 4.68607
25860000 4.6863
25870000 4.68705
25880000 4.68795
25890000 4.68888
25900000 4.68964
25910000 4.69079
25920000 4.69214
25930000 4.69357
25940000 4.69509
25950000 4.69668
25960000 4.69811
25970000 4.69945
25980000 4.70036
25990000 4.701
26000000 4.70255
26010000 4.70382
26020000 4.70487
26030000 4.70541
26040000 4.70598
26050000 4.70609
26060000 4.70638
26070000 4.70673
26080000 4.70758
26090000 4.70835
26100000 4.70873
26110000 4.70875
26120000 4.70841
26130000 4.70905
26140000 4.7101
26150000 4.71154
26160000 4.71302
26170000 4.71498
26180000 4.71694
26190000 4.71858
26200000 4.71985
26210000 4.72068
26220000 4.72101
26230000 4.72037
26240000 4.72008
26250000 4.71963
26260000 4.7194
26270000 4.72023
26280000 4.7211
26290000 4.72187
26300000 4.72228
26310000 4.72185
26320000 4.72089
26330000 4.71999
26340000 4.71897
26350000 4.71844
26360000 4.71822
26370000 4.7179
26380000 4.71816
26390000 4.71862
26400000 4.71933
26410000 4.72123
26420000 4.72346
26430000 4.72531
26440000 4.72735
26450000 4.72893
26460000 4.73009
26470000 4.73158
26480000 4.73297
26490000 4.7349
26500000 4.73682
26510000 4.73863
26520000 4.74036
26530000 4.74151
26540000 4.74213
26550000 4.74276
26560000 4.74342
26570000 4.74496
26580000 4.74699
26590000 4.74836
26600000 4.74991
26610000 4.75136
26620000 4.75294
26630000 4.75438
26640000 4.75478
26650000 4.75514
26660000 4.75623
26670000 4.75685
26680000 4.75663
26690000 4.75708
26700000 4.75729
26710000 4.75768
26720000 4.75812
26730000 4.75789
26740000 4.7571
26750000 4.75626
26760000 4.75621
26770000 4.75633
26780000 4.75646
26790000 4.75631
26800000 4.75606
26810000 4.75615
26820000 4.75644
26830000 4.75674
26840000 4.75668
26850000 4.75559
26860000 4.75502
26870000 4.75436
26880000 4.75375
26890000 4.75452
26900000 4.75541
26910000 4.75602
26920000 4.7557
26930000 4.75534
26940000 4.75512
26950000 4.75554
26960000 4.75632
26970000 4.75738
26980000 4.75803
26990000 4.75891
27000000 4.7598
27010000 4.76064
27020000 4.76118
27030000 4.76195
27040000 4.76203
27050000 4.76303
27060000 4.76445
27070000 4.76608
27080000 4.76783
27090000 4.76931
27100000 4.77107
27110000 4.77277
27120000 4.77419
27130000 4.77594
27140000 4.77761
27150000 4.77942
27160000 4.78132
27170000 4.7837
27180000 4.78579
27190000 4.78734
27200000 4.78903
27210000 4.79105
27220000 4.79275
27230000 4.79414
27240000 4.79602
27250000 4.79799
27260000 4.80052
27270000 4.80238
27280000 4.80394
27290000 4.80594
27300000 4.80705
27310000 4.80741
27320000 4.8077
27330000 4.80833
27340000 4.80875
27350000 4.80893
27360000 4.80978
27370000 4.81159
27380000 4.81347
27390000 4.81474
27400000 4.81602
27410000 4.8174
27420000 4.81856
27430000 4.82016
27440000 4.82195
27450000 4.82355
27460000 4.82521
27470000 4.82692
27480000 4.82786
27490000 4.82782
27500000 4.82733
27510000 4.82722
27520000 4.82745
27530000 4.82755
27540000 4.8269
27550000 4.82583
27560000 4.82518
27570000 4.82446
27580000 4.82294
27590000 4.82094
27600000 4.81842
27610000 4.81658
27620000 4.81494
27630000 4.81271
27640000 4.81034
27650000 4.8085
27660000 4.80701
27670000 4.80569
27680000 4.80388
27690000 4.80235
27700000 4.80166
27710000 4.80153
27720000 4.80182
27730000 4.80238
27740000 4.80251
27750000 4.80264
27760000 4.80311
27770000 4.80405
27780000 4.80588
27790000 4.80822
27800000 4.81016
27810000 4.81208
27820000 4.81399
27830000 4.81568
27840000 4.81809
27850000 4.82026
27860000 4.82298
27870000 4.8255
27880000 4.8282
27890000 4.83062
27900000 4.83334
27910000 4.83565
27920000 4.83788
27930000 4.84059
27940000 4.843
27950000 4.84565
27960000 4.8485
27970000 4.85053
27980000 4.85254
27990000 4.85529
28000000 4.85803
28010000 4.86049
28020000 4.86282
28030000 4.86538
28040000 4.86788
28050000 4.87024
28060000 4.87263
28070000 4.87501
28080000 4.87709
28090000 4.87874
28100000 4.88058
28110000 4.88244
28120000 4.88438
28130000 4.88624
28140000 4.88731
28150000 4.88738
28160000 4.88736
28170000 4.88763
28180000 4.888
28190000 4.88781
28200000 4.88698
28210000 4.88602
28220000 4.88572
28230000 4.88529
28240000 4.88524
28250000 4.88521
28260000 4.88513
28270000 4.88519
28280000 4.88498
28290000 4.88451
28300000 4.88454
28310000 4.88403
28320000 4.88316
28330000 4.88252
28340000 4.88125
28350000 4.88064
28360000 4.88058
28370000 4.88027
28380000 4.88024
28390000 4.88049
28400000 4.88094
28410000 4.88212
28420000 4.88358
28430000 4.88456
28440000 4.88538
28450000 4.88583
28460000 4.88664
28470000 4.88795
28480000 4.8889
28490000 4.88995
28500000 4.89071
28510000 4.89145
28520000 4.89156
28530000 4.8919
28540000 4.89214
28550000 4.89214
28560000 4.89166
28570000 4.89061
28580000 4.88977
28590000 4.88896
28600000 4.88854
28610000 4.88804
28620000 4.88787
28630000 4.8875
28640000 4.88748
28650000 4.88692
28660000 4.88618
28670000 4.88552
28680000 4.8853
28690000 4.88434
28700000 4.88309
28710000 4.88187
28720000 4.88147
28730000 4.88093
28740000 4.88014
28750000 4.8787
28760000 4.87778
28770000 4.87712
28780000 4.87598
28790000 4.87511
28800000 4.87372
28810000 4.87269
28820000 4.87196
28830000 4.87234
28840000 4.87277
28850000 4.87331
28860000 4.87443
28870000 4.87549
28880000 4.87662
28890000 4.87783
28900000 4.87888
28910000 4.87947
28920000 4.88062
28930000 4.88213
28940000 4.88333
28950000 4.88406
28960000 4.88522
28970000 4.88598
28980000 4.88623
28990000 4.88619
29000000 4.88656
29010000 4.88764
29020000 4.88966
29030000 4.89246
29040000 4.89528
29050000 4.89815
29060000 4.9005
29070000 4.90249
29080000 4.90419
29090000 4.90659
29100000 4.9092
29110000 4.91164
29120000 4.91347
29130000 4.91485
29140000 4.9166
29150000 4.91773
29160000 4.91828
29170000 4.91935
29180000 4.9211
29190000 4.92289
29200000 4.92504
29210000 4.928
29220000 4.93119
29230000 4.93388
29240000 4.9368
29250000 4.94043
29260000 4.94436
29270000 4.94769
29280000 4.94972
29290000 4.95185
29300000 4.95302
29310000 4.95392
29320000 4.95524
29330000 4.95676
29340000 4.95735
29350000 4.95756
29360000 4.95818
29370000 4.95879
29380000 4.9599
29390000 4.96094
29400000 4.96184
29410000 4.9632
29420000 4.96424
29430000 4.96515
29440000 4.96661
29450000 4.9672
29460000 4.9671
29470000 4.96611
29480000 4.96462
29490000 4.96285
29500000 4.9612
29510000 4.95981
29520000 4.95831
29530000 4.95696
29540000 4.95557
29550000 4.95455
29560000 4.95364
29570000 4.95303
29580000 4.95313
29590000 4.95374
29600000 4.95424
29610000 4.95448
29620000 4.95457
29630000 4.95494
29640000 4.95555
29650000 4.95602
29660000 4.95627
29670000 4.95654
29680000 4.95643
29690000 4.95666
29700000 4.95696
29710000 4.95701
29720000 4.95683
29730000 4.95662
29740000 4.95674
29750000 4.95719
29760000 4.95847
29770000 4.95956
29780000 4.96116
29790000 4.96271
29800000 4.96386
29810000 4.96519
29820000 4.96589
29830000 4.9665
29840000 4.96651
29850000 4.96683
29860000 4.96682
29870000 4.96655
29880000 4.96566
29890000 4.96499
29900000 4.96379
29910000 4.96218
29920000 4.96141
29930000 4.96085
29940000 4.96014
29950000 4.95949
29960000 4.95851
29970000 4.95741
29980000 4.95584
29990000 4.95426
30000000 4.95245
30010000 4.95093
30020000 4.94912
30030000 4.94763
30040000 4.94628
30050000 4.94537
30060000 4.94484
30070000 4.94462
30080000 4.94374
30090000 4.94234
30100000 4.94113
30110000 4.93984
30120000 4.9393
30130000 4.93848
30140000 4.93787
30150000 4.9375
30160000 4.93685
30170000 4.93577
30180000 4.93401
30190000 4.93181
30200000 4.92962
30210000 4.92851
30220000 4.92726
30230000 4.9265
30240000 4.92654
30250000 4.92672
30260000 4.92657
30270000 4.92596
30280000 4.92507
30290000 4.92395
30300000 4.92323
30310000 4.92273
30320000 4.92208
30330000 4.92181
30340000 4.92307
30350000 4.92519
30360000 4.92645
30370000 4.92633
30380000 4.92602
30390000 4.92518
30400000 4.92465
30410000 4.92371
30420000 4.92292
30430000 4.92208
30440000 4.92128
30450000 4.92085
30460000 4.91997
30470000 4.91933
30480000 4.91931
30490000 4.91948
30500000 4.91937
30510000 4.91841
30520000 4.91688
30530000 4.9156
30540000 4.91479
30550000 4.9143
30560000 4.91388
30570000 4.91344
30580000 4.91315
30590000 4.91319
30600000 4.91258
30610000 4.91159
30620000 4.91094
30630000 4.91
30640000 4.90855
30650000 4.90762
30660000 4.90715
30670000 4.90678
30680000 4.90563
30690000 4.90413
30700000 4.90308
30710000 4.90209
30720000 4.90119
30730000 4.90085
30740000 4.90005
30750000 4.89922
30760000 4.89838
30770000 4.89748
30780000 4.89678
30790000 4.89669
30800000 4.89695
30810000 4.89726
30820000 4.89808
30830000 4.89932
30840000 4.90049
30850000 4.90139
30860000 4.90197
30870000 4.90299
30880000 4.90422
30890000 4.90578
30900000 4.9077
30910000 4.90997
30920000 4.91142
30930000 4.91246
30940000 4.91415
30950000 4.91582
30960000 4.91682
30970000 4.91793
30980000 4.91922
30990000 4.92026
31000000 4.92136
31010000 4.92306
31020000 4.92476
31030000 4.9267
31040000 4.92836
31050000 4.93014
31060000 4.93151
31070000 4.93326
31080000 4.93507
31090000 4.93757
31100000 4.93979
31110000 4.94161
31120000 4.94339
31130000 4.9451
31140000 4.94719
31150000 4.94899
31160000 4.95021
31170000 4.95123
31180000 4.95236
31190000 4.95451
31200000 4.9566
31210000 4.9584
31220000 4.96011
31230000 4.96147
31240000 4.96352
31250000 4.96602
31260000 4.96814
31270000 4.97011
31280000 4.97239
31290000 4.97421
31300000 4.97571
31310000 4.977
31320000 4.97883
31330000 4.98055
31340000 4.98147
31350000 4.98203
31360000 4.98239
31370000 4.98295
31380000 4.98379
31390000 4.98503
31400000 4.98566
31410000 4.98625
31420000 4.98677
31430000 4.9877
31440000 4.98885
31450000 4.9897
31460000 4.99022
31470000 4.9904
31480000 4.99098
31490000 4.99052
31500000 4.99017
31510000 4.9895
31520000 4.98899
31530000 4.98961
31540000 4.99061
31550000 4.99183
31560000 4.99242
31570000 4.99292
31580000 4.99347
31590000 4.99402
31600000 4.99448
31610000 4.9948
31620000 4.99481
31630000 4.9945
31640000 4.99489
31650000 4.99537
31660000 4.99575
31670000 4.99724
31680000 4.99904
31690000 5.00071
31700000 5.00184
31710000 5.00216
31720000 5.00191
31730000 5.00172
31740000 5.00108
31750000 5.0012
31760000 5.00132
31770000 5.00076
31780000 4.99984
31790000 4.99834
31800000 4.99776
31810000 4.9979
31820000 4.99845
31830000 4.99873
31840000 4.99868
31850000 4.99886
31860000 4.99906
31870000 5.00004
31880000 5.00077
31890000 5.00158
31900000 5.00259
31910000 5.00461
31920000 5.00715
31930000 5.00913
31940000 5.01008
31950000 5.0106
31960000 5.01084
31970000 5.01146
31980000 5.01167
31990000 5.01171
32000000 5.01151
32010000 5.0116
32020000 5.01169
32030000 5.0116
32040000 5.01197
32050000 5.01191
32060000 5.01159
32070000 5.01108
32080000 5.00999
32090000 5.00928
32100000 5.00887
32110000 5.00806
32120000 5.00717
32130000 5.0068
32140000 5.00634
32150000 5.00568
32160000 5.00471
32170000 5.00415
32180000 5.00328
32190000 5.00263
32200000 5.00183
32210000 5.00056
32220000 4.99875
32230000 4.9966
32240000 4.99507
32250000 4.99439
32260000 4.99431
32270000 4.9937
32280000 4.9936
32290000 4.99327
32300000 4.99261
32310000 4.99212
32320000 4.9921
32330000 4.9921
32340000 4.99232
32350000 4.99301
32360000 4.99346
32370000 4.9936
32380000 4.9942
32390000 4.99483
32400000 4.99503
32410000 4.9943
32420000 4.99372
32430000 4.99403
32440000 4.99469
32450000 4.9953
32460000 4.99553
32470000 4.99568
32480000 4.99664
32490000 4.9981
32500000 4.99888
32510000 4.99967
32520000 5.00031
32530000 5.00065
32540000 5.00113
32550000 5.0007
32560000 5.00009
32570000 4.99952
32580000 4.99964
32590000 4.99989
32600000 5.00027
32610000 5.00049
32620000 5.0003
32630000 4.99994
32640000 4.99922
32650000 4.99915
32660000 4.9994
32670000 4.99987
32680000 5.00116
32690000 5.00257
32700000 5.00389
32710000 5.00471
32720000 5.00569
32730000 5.00663
32740000 5.00769
32750000 5.00846
32760000 5.00898
32770000 5.0096
32780000 5.01034
32790000 5.01097
32800000 5.0121
32810000 5.01283
32820000 5.01318
32830000 5.01356
32840000 5.01347
32850000 5.01346
32860000 5.01361
32870000 5.01363
32880000 5.01438
32890000 5.0154
32900000 5.01653
32910000 5.0173
32920000 5.01862
32930000 5.02061
32940000 5.02217
32950000 5.02294
32960000 5.02285
32970000 5.02323
32980000 5.02375
32990000 5.02413
33000000 5.02416
33010000 5.02453
33020000 5.02463
33030000 5.0245
33040000 5.02417
33050000 5.02315
33060000 5.02173
33070000 5.0203
33080000 5.01905
33090000 5.01772
33100000 5.01608
33110000 5.01536
33120000 5.0148
33130000 5.01438
33140000 5.01403
33150000 5.01417
33160000 5.01486
33170000 5.01614
33180000 5.01803
33190000 5.01993
33200000 5.02134
33210000 5.023
33220000 5.02399
33230000 5.02495
33240000 5.02601
33250000 5.02669
33260000 5.02743
33270000 5.02827
33280000 5.02866
33290000 5.02923
33300000 5.03015
33310000 5.03141
33320000 5.03193
33330000 5.03232
33340000 5.03262
33350000 5.03377
33360000 5.03464
33370000 5.03435
33380000 5.03391
33390000 5.03416
33400000 5.03401
33410000 5.0342
33420000 5.03493
33430000 5.03554
33440000 5.036
33450000 5.03634
33460000 5.03573
33470000 5.03494
33480000 5.03377
33490000 5.03273
33500000 5.03175
33510000 5.03138
33520000 5.03056
33530000 5.02965
33540000 5.02926
33550000 5.02886
33560000 5.02867
33570000 5.02859
33580000 5.0288
33590000 5.02935
33600000 5.02987
33610000 5.03055
33620000 5.03098
33630000 5.03119
33640000 5.03207
33650000 5.03331
33660000 5.03478
33670000 5.03649
33680000 5.03883
33690000 5.04163
33700000 5.0441
33710000 5.04567
33720000 5.04686
33730000 5.04765
33740000 5.04847
33750000 5.04998
33760000 5.05174
33770000 5.05389
33780000 5.05632
33790000 5.05866
33800000 5.06049
33810000 5.06207
33820000 5.06295
33830000 5.06368
33840000 5.06389
33850000 5.06478
33860000 5.06547
33870000 5.06616
33880000 5.06529
33890000 5.0644
33900000 5.06409
33910000 5.06407
33920000 5.06378
33930000 5.06316
33940000 5.06321
33950000 5.06291
33960000 5.06277
33970000 5.06265
33980000 5.06201
33990000 5.06053
34000000 5.05959
34010000 5.0591
34020000 5.05817
34030000 5.05744
34040000 5.05644
34050000 5.05637
34060000 5.05601
34070000 5.05515
34080000 5.05444
34090000 5.05383
34100000 5.05292
34110000 5.05212
34120000 5.05114
34130000 5.05005
34140000 5.04897
34150000 5.04763
34160000 5.04541
34170000 5.0426
34180000 5.04028
34190000 5.03758
34200000 5.03441
34210000 5.03104
34220000 5.02761
34230000 5.02415
34240000 5.02041
34250000 5.01718
34260000 5.01444
34270000 5.01176
34280000 5.00938
34290000 5.00623
34300000 5.00296
34310000 5.00005
34320000 4.99659
34330000 4.99348
34340000 4.99069
34350000 4.98791
34360000 4.98557
34370000 4.98249
34380000 4.97949
34390000 4.97612
34400000 4.97295
34410000 4.9708
34420000 4.96999
34430000 4.96904
34440000 4.96932
34450000 4.97021
34460000 4.97062
34470000 4.97132
34480000 4.97178
34490000 4.97207
34500000 4.97237
34510000 4.97246
34520000 4.97192
34530000 4.97141
34540000 4.97093
34550000 4.97077
34560000 4.97094
34570000 4.97098
34580000 4.97109
34590000 4.97091
34600000 4.97101
34610000 4.97082
34620000 4.96945
34630000 4.96822
34640000 4.967
34650000 4.96563
34660000 4.9649
34670000 4.96392
34680000 4.96307
34690000 4.96217
34700000 4.96156
34710000 4.96087
34720000 4.96034
34730000 4.96015
34740000 4.96029
34750000 4.96022
34760000 4.95993
34770000 4.95993
34780000 4.95979
34790000 4.95925
34800000 4.95843
34810000 4.95855
34820000 4.95835
34830000 4.95819
34840000 4.95812
34850000 4.95771
34860000 4.95737
34870000 4.95668
34880000 4.95545
34890000 4.95455
34900000 4.95341
34910000 4.95158
34920000 4.95015
34930000 4.94914
34940000 4.94863
34950000 4.94819
34960000 4.94734
34970000 4.94684
34980000 4.94666
34990000 4.94637
35000000 4.94714
35010000 4.94761
35020000 4.94816
35030000 4.94882
35040000 4.9497
35050000 4.95007
35060000 4.9498
35070000 4.94921
35080000 4.94846
35090000 4.94776
35100000 4.94672
35110000 4.94574
35120000 4.94528
35130000 4.94525
35140000 4.94589
35150000 4.94641
35160000 4.94694
35170000 4.94753
35180000 4.94827
35190000 4.94871
35200000 4.94942
35210000 4.95009
35220000 4.95049
35230000 4.951
35240000 4.95101
35250000 4.95024
35260000 4.95019
35270000 4.94962
35280000 4.94935
35290000 4.94895
35300000 4.9484
35310000 4.94725
35320000 4.94587
35330000 4.94471
35340000 4.94366
35350000 4.9426
35360000 4.9419
35370000 4.94114
35380000 4.94064
35390000 4.94056
35400000 4.94118
35410000 4.94156
35420000 4.94171
35430000 4.94204
35440000 4.94218
35450000 4.94254
35460000 4.94269
35470000 4.94269
35480000 4.94307
35490000 4.94339
35500000 4.94339
35510000 4.94328
35520000 4.94297
35530000 4.943
35540000 4.94266
35550000 4.94205
35560000 4.94173
35570000 4.94117
35580000 4.94035
35590000 4.93967
35600000 4.93856
35610000 4.93704
35620000 4.93484
35630000 4.93295
35640000 4.93177
35650000 4.93079
35660000 4.92971
35670000 4.92865
35680000 4.92771
35690000 4.92626
35700000 4.9243
35710000 4.92279
35720000 4.92217
35730000 4.92124
35740000 4.92061
35750000 4.91969
35760000 4.91965
35770000 4.91987
35780000 4.91958
35790000 4.91983
35800000 4.92061
35810000 4.92105
35820000 4.92139
35830000 4.92174
35840000 4.92172
35850000 4.92287
35860000 4.92404
35870000 4.92464
35880000 4.92451
35890000 4.92477
35900000 4.92537
35910000 4.92608
35920000 4.92665
35930000 4.9275
35940000 4.92863
35950000 4.92987
35960000 4.93104
35970000 4.93247
35980000 4.93358
35990000 4.93518
36000000 4.93636
36010000 4.93782
36020000 4.93874
36030000 4.9397
36040000 4.94086
36050000 4.94208
36060000 4.94338
36070000 4.94385
36080000 4.94392
36090000 4.94374
36100000 4.94369
36110000 4.94354
36120000 4.94353
36130000 4.94207
36140000 4.94069
36150000 4.93938
36160000 4.93751
36170000 4.93522
36180000 4.93283
36190000 4.93111
36200000 4.92963
36210000 4.9283
36220000 4.92769
36230000 4.92765
36240000 4.92788
36250000 4.92829
36260000 4.92829
36270000 4.9277
36280000 4.92708
36290000 4.92681
36300000 4.92646
36310000 4.92595
36320000 4.92581
36330000 4.92535
36340000 4.92435
36350000 4.92313
36360000 4.92217
36370000 4.9216
36380000 4.92088
36390000 4.91999
36400000 4.91937
36410000 4.91828
36420000 4.91637
36430000 4.91449
36440000 4.91262
36450000 4.91
36460000 4.90713
36470000 4.90397
36480000 4.90116
36490000 4.89796
36500000 4.89429
36510000 4.8907
36520000 4.88749
36530000 4.88492
36540000 4.88323
36550000 4.88202
36560000 4.8809
36570000 4.87906
36580000 4.87685
36590000 4.87524
36600000 4.87425
36610000 4.87289
36620000 4.87139
36630000 4.86984
36640000 4.86879
36650000 4.86802
36660000 4.86732
36670000 4.86596
36680000 4.86471
36690000 4.86337
36700000 4.86244
36710000 4.86138
36720000 4.86039
36730000 4.85976
36740000 4.8592
36750000 4.85916
36760000 4.85938
36770000 4.85983
36780000 4.86029
36790000 4.86059
36800000 4.86056
36810000 4.86025
36820000 4.86064
36830000 4.86101
36840000 4.86116
36850000 4.86143
36860000 4.86146
36870000 4.8611
36880000 4.86029
36890000 4.85906
36900000 4.85771
36910000 4.85638
36920000 4.85561
36930000 4.85446
36940000 4.85274
36950000 4.85154
36960000 4.85029
36970000 4.84929
36980000 4.84875
36990000 4.84875
37000000 4.84961
37010000 4.85038
37020000 4.85127
37030000 4.852
37040000 4.85323
37050000 4.85375
37060000 4.85351
37070000 4.85266
37080000 4.8516
37090000 4.85042
37100000 4.84932
37110000 4.84829
37120000 4.8479
37130000 4.8473
37140000 4.84626
37150000 4.84504
37160000 4.84376
37170000 4.842
37180000 4.84089
37190000 4.8409
37200000 4.84119
37210000 4.84155
37220000 4.84209
37230000 4.84189
37240000 4.84083
37250000 4.83951
37260000 4.83778
37270000 4.83687
37280000 4.83678
37290000 4.83727
37300000 4.8382
37310000 4.83966
37320000 4.84082
37330000 4.84169
37340000 4.84286
37350000 4.84365
37360000 4.84393
37370000 4.84358
37380000 4.8426
37390000 4.84157
37400000 4.84015
37410000 4.83836
37420000 4.83686
37430000 4.83548
37440000 4.83399
37450000 4.83305
37460000 4.83208
37470000 4.8317
37480000 4.83195
37490000 4.83296
37500000 4.83406
37510000 4.83476
37520000 4.83568
37530000 4.83695
37540000 4.83832
37550000 4.84023
37560000 4.84224
37570000 4.84408
37580000 4.84586
37590000 4.84755
37600000 4.84948
37610000 4.85084
37620000 4.85152
37630000 4.85252
37640000 4.85381
37650000 4.85569
37660000 4.85771
37670000 4.86039
37680000 4.86344
37690000 4.86616
37700000 4.8678
37710000 4.86885
37720000 4.86992
37730000 4.87045
37740000 4.871
37750000 4.87191
37760000 4.87284
37770000 4.87368
37780000 4.87386
37790000 4.87379
37800000 4.87358
37810000 4.87384
37820000 4.87437
37830000 4.87474
37840000 4.87484
37850000 4.87523
37860000 4.87529
37870000 4.8757
37880000 4.87597
37890000 4.87631
37900000 4.87551
37910000 4.87453
37920000 4.87306
37930000 4.87147
37940000 4.86982
37950000 4.86729
37960000 4.86434
37970000 4.86171
37980000 4.85925
37990000 4.85672
38000000 4.85471
38010000 4.85244
38020000 4.84963
38030000 4.84739
38040000 4.84577
38050000 4.8441
38060000 4.84247
38070000 4.8408
38080000 4.83906
38090000 4.83771
38100000 4.83603
38110000 4.83389
38120000 4.83157
38130000 4.8296
38140000 4.82847
38150000 4.8279
38160000 4.82763
38170000 4.82727
38180000 4.82677
38190000 4.82686
38200000 4.8268
38210000 4.82733
38220000 4.82757
38230000 4.828
38240000 4.8278
38250000 4.82771
38260000 4.82763
38270000 4.82711
38280000 4.82736
38290000 4.828
38300000 4.82782
38310000 4.82804
38320000 4.82865
38330000 4.82948
38340000 4.83088
38350000 4.83261
38360000 4.83383
38370000 4.83481
38380000 4.83586
38390000 4.83639
38400000 4.83659
38410000 4.836
38420000 4.83538
38430000 4.83505
38440000 4.83478
38450000 4.83409
38460000 4.83278
38470000 4.83111
38480000 4.82961
38490000 4.82832
38500000 4.8272
38510000 4.82659
38520000 4.82644
38530000 4.82606
38540000 4.82607
38550000 4.82614
38560000 4.826
38570000 4.82603
38580000 4.82617
38590000 4.82659
38600000 4.82689
38610000 4.82713
38620000 4.82787
38630000 4.82931
38640000 4.83087
38650000 4.83276
38660000 4.83432
38670000 4.83519
38680000 4.8354
38690000 4.8358
38700000 4.83624
38710000 4.83669
38720000 4.83686
38730000 4.83796
38740000 4.83947
38750000 4.84171
38760000 4.84432
38770000 4.84723
38780000 4.85021
38790000 4.85318
38800000 4.85633
38810000 4.85916
38820000 4.86144
38830000 4.86332
38840000 4.86519
38850000 4.86689
38860000 4.86862
38870000 4.87034
38880000 4.87151
38890000 4.87252
38900000 4.87313
38910000 4.87408
38920000 4.87433
38930000 4.87449
38940000 4.87475
38950000 4.87538
38960000 4.87588
38970000 4.87615
38980000 4.87673
38990000 4.8776
39000000 4.87801
39010000 4.87814
39020000 4.87792
39030000 4.87746
39040000 4.87709
39050000 4.87661
39060000 4.87611
39070000 4.87622
39080000 4.87578
39090000 4.87479
39100000 4.87356
39110000 4.87237
39120000 4.87132
39130000 4.8707
39140000 4.86993
39150000 4.87023
39160000 4.87078
39170000 4.87122
39180000 4.87146
39190000 4.87172
39200000 4.87189
39210000 4.8717
39220000 4.87122
39230000 4.8704
39240000 4.8691
39250000 4.86736
39260000 4.86564
39270000 4.86417
39280000 4.8636
39290000 4.86282
39300000 4.86238
39310000 4.86198
39320000 4.86072
39330000 4.85918
39340000 4.8586
39350000 4.85846
39360000 4.85806
39370000 4.85768
39380000 4.85661
39390000 4.85561
39400000 4.85528
39410000 4.85503
39420000 4.85522
39430000 4.85494
39440000 4.85414
39450000 4.85394
39460000 4.85439
39470000 4.8545
39480000 4.85511
39490000 4.85592
39500000 4.85663
39510000 4.85732
39520000 4.85848
39530000 4.85976
39540000 4.86058
39550000 4.8617
39560000 4.86292
39570000 4.86392
39580000 4.86434
39590000 4.86457
39600000 4.86501
39610000 4.86569
39620000 4.86646
39630000 4.86717
39640000 4.86743
39650000 4.86781
39660000 4.86791
39670000 4.8683
39680000 4.86869
39690000 4.86926
39700000 4.87024
39710000 4.87108
39720000 4.87198
39730000 4.87314
39740000 4.87391
39750000 4.87446
39760000 4.87456
39770000 4.87478
39780000 4.8747
39790000 4.87433
39800000 4.87405
39810000 4.87363
39820000 4.87307
39830000 4.87273
39840000 4.87289
39850000 4.87306
39860000 4.87355
39870000 4.8742
39880000 4.87492
39890000 4.87592
39900000 4.87761
39910000 4.87901
39920000 4.87998
39930000 4.88121
39940000 4.88284
39950000 4.88415
39960000 4.88541
39970000 4.88683
39980000 4.88833
39990000 4.88929
40000000 4.89018
40010000 4.89087
40020000 4.89181
40030000 4.89245
40040000 4.89293
40050000 4.89322
40060000 4.89326
40070000 4.89327
40080000 4.89411
40090000 4.89547
40100000 4.89653
40110000 4.89782
40120000 4.89867
40130000 4.89975
40140000 4.9002
40150000 4.90079
40160000 4.90156
40170000 4.90249
40180000 4.90357
40190000 4.90454
40200000 4.90535
40210000 4.90579
40220000 4.90653
40230000 4.90694
40240000 4.90646
40250000 4.90578
40260000 4.90499
40270000 4.90514
40280000 4.90583
40290000 4.90649
40300000 4.90723
40310000 4.90709
40320000 4.90679
40330000 4.90628
40340000 4.90479
40350000 4.90265
40360000 4.90138
40370000 4.90075
40380000 4.90046
40390000 4.90066
40400000 4.90073
40410000 4.90121
40420000 4.90183
40430000 4.90262
40440000 4.90318
40450000 4.90296
40460000 4.90325
40470000 4.90377
40480000 4.904
40490000 4.90452
40500000 4.90461
40510000 4.90524
40520000 4.90578
40530000 4.90638
40540000 4.9067
40550000 4.90606
40560000 4.90517
40570000 4.90454
40580000 4.90344
40590000 4.90269
40600000 4.90205
40610000 4.90142
40620000 4.90084
40630000 4.90041
40640000 4.89984
40650000 4.89876
40660000 4.89828
40670000 4.89829
40680000 4.89835
40690000 4.89883
40700000 4.89938
40710000 4.90013
40720000 4.90073
40730000 4.90049
40740000 4.90067
40750000 4.90102
40760000 4.90133
40770000 4.90144
40780000 4.90134
40790000 4.90191
40800000 4.90237
40810000 4.90274
40820000 4.90326
40830000 4.90286
40840000 4.90198
40850000 4.90066
40860000 4.89982
40870000 4.89873
40880000 4.89735
40890000 4.89552
40900000 4.89296
40910000 4.89007
40920000 4.88792
40930000 4.88621
40940000 4.88355
40950000 4.88123
40960000 4.87915
40970000 4.87721
40980000 4.87523
40990000 4.87361
41000000 4.87155
41010000 4.86888
41020000 4.86639
41030000 4.86397
41040000 4.86215
41050000 4.86039
41060000 4.85909
41070000 4.85694
41080000 4.85428
41090000 4.85079
41100000 4.84784
41110000 4.84497
41120000 4.84284
41130000 4.84101
41140000 4.83813
41150000 4.83458
41160000 4.83153
41170000 4.82946
41180000 4.82792
41190000 4.82578
41200000 4.82389
41210000 4.8223
41220000 4.8206
41230000 4.81932
41240000 4.81773
41250000 4.81604
41260000 4.81473
41270000 4.81414
41280000 4.81336
41290000 4.81255
41300000 4.81215
41310000 4.81235
41320000 4.81268
41330000 4.81279
41340000 4.81325
41350000 4.81389
41360000 4.81453
41370000 4.81491
41380000 4.81496
41390000 4.81458
41400000 4.8146
41410000 4.81413
41420000 4.81322
41430000 4.81187
41440000 4.81071
41450000 4.81014
41460000 4.80966
41470000 4.80886
41480000 4.80777
41490000 4.80735
41500000 4.80688
41510000 4.80638
41520000 4.80566
41530000 4.80383
41540000 4.80155
41550000 4.79936
41560000 4.79781
41570000 4.79671
41580000 4.79602
41590000 4.79464
41600000 4.79327
41610000 4.79237
41620000 4.7918
41630000 4.7915
41640000 4.79097
41650000 4.78988
41660000 4.78909
41670000 4.78785
41680000 4.7867
41690000 4.78594
41700000 4.78537
41710000 4.7855
41720000 4.78593
41730000 4.78581
41740000 4.78577
41750000 4.78533
41760000 4.7848
41770000 4.7851
41780000 4.7856
41790000 4.78659
41800000 4.78728
41810000 4.78779
41820000 4.78745
41830000 4.78683
41840000 4.7868
41850000 4.78661
41860000 4.7861
41870000 4.78563
41880000 4.785
41890000 4.78403
41900000 4.78275
41910000 4.78112
41920000 4.77869
41930000 4.77688
41940000 4.77653
41950000 4.77729
41960000 4.77887
41970000 4.78029
41980000 4.78189
41990000 4.78314
42000000 4.78416
42010000 4.78468
42020000 4.78544
42030000 4.78631
42040000 4.78742
42050000 4.78877
42060000 4.79026
42070000 4.79196
42080000 4.79372
42090000 4.79507
42100000 4.79669
42110000 4.79802
42120000 4.7996
42130000 4.80119
42140000 4.80268
42150000 4.80447
42160000 4.80602
42170000 4.80716
42180000 4.80886
42190000 4.80994
42200000 4.81138
42210000 4.81233
42220000 4.81381
42230000 4.81526
42240000 4.81669
42250000 4.81735
42260000 4.81748
42270000 4.81711
42280000 4.8171
42290000 4.81804
42300000 4.81914
42310000 4.82035
42320000 4.82114
42330000 4.82148
42340000 4.82177
42350000 4.82198
42360000 4.82244
42370000 4.82331
42380000 4.82396
42390000 4.82486
42400000 4.82591
42410000 4.82696
42420000 4.82803
42430000 4.82843
42440000 4.82869
42450000 4.82878
42460000 4.82946
42470000 4.82984
42480000 4.8295
42490000 4.82827
42500000 4.82672
42510000 4.8252
42520000 4.82405
42530000 4.82321
42540000 4.82205
42550000 4.82113
42560000 4.82004
42570000 4.81897
42580000 4.81733
42590000 4.81529
42600000 4.81336
42610000 4.81216
42620000 4.81131
42630000 4.81058
42640000 4.81013
42650000 4.80929
42660000 4.80861
42670000 4.80724
42680000 4.80546
42690000 4.80406
42700000 4.80224
42710000 4.80047
42720000 4.7992
42730000 4.79834
42740000 4.79713
42750000 4.79573
42760000 4.79458
42770000 4.7931
42780000 4.79203
42790000 4.79198
42800000 4.79141
42810000 4.79104
42820000 4.79137
42830000 4.79188
42840000 4.7926
42850000 4.79345
42860000 4.79393
42870000 4.79438
42880000 4.79377
42890000 4.79285
42900000 4.79192
42910000 4.79146
42920000 4.79083
42930000 4.78925
42940000 4.78727
42950000 4.78563
42960000 4.78509
42970000 4.78501
42980000 4.78469
42990000 4.78539
43000000 4.78557
43010000 4.78594
43020000 4.7868
43030000 4.78831
43040000 4.78977
43050000 4.79123
43060000 4.79268
43070000 4.79411
43080000 4.79547
43090000 4.7966
43100000 4.79745
43110000 4.79795
43120000 4.79825
43130000 4.79844
43140000 4.79818
43150000 4.79742
43160000 4.79599
43170000 4.79471
43180000 4.79336
43190000 4.79228
43200000 4.7912
43210000 4.79061
43220000 4.79079
43230000 4.79113
43240000 4.79074
43250000 4.78995
43260000 4.78888
43270000 4.78771
43280000 4.78595
43290000 4.78401
43300000 4.78203
43310000 4.77973
43320000 4.77768
43330000 4.77609
43340000 4.77447
43350000 4.77232
43360000 4.77037
43370000 4.76913
43380000 4.7681
43390000 4.7666
43400000 4.76523
43410000 4.76396
43420000 4.7626
43430000 4.7617
43440000 4.76111
43450000 4.76126
43460000 4.76179
43470000 4.76227
43480000 4.76231
43490000 4.76211
43500000 4.76235
43510000 4.763
43520000 4.76434
43530000 4.76581
43540000 4.76692
43550000 4.76774
43560000 4.76864
43570000 4.76943
43580000 4.77004
43590000 4.77108
43600000 4.77264
43610000 4.77393
43620000 4.77506
43630000 4.7764
43640000 4.77749
43650000 4.77854
43660000 4.7799
43670000 4.78148
43680000 4.78272
43690000 4.78333
43700000 4.78373
43710000 4.78456
43720000 4.78523
43730000 4.78522
43740000 4.78531
43750000 4.78517
43760000 4.78471
43770000 4.78369
43780000 4.78157
43790000 4.7791
43800000 4.77713
43810000 4.77525
43820000 4.77387
43830000 4.77264
43840000 4.77217
43850000 4.77093
43860000 4.77029
43870000 4.76955
43880000 4.76969
43890000 4.77008
43900000 4.77026
43910000 4.77049
43920000 4.7711
43930000 4.77287
43940000 4.77482
43950000 4.77653
43960000 4.77739
43970000 4.77803
43980000 4.77854
43990000 4.77965
44000000 4.7807
44010000 4.78163
44020000 4.78291
44030000 4.78452
44040000 4.78641
44050000 4.78805
44060000 4.78964
44070000 4.79134
44080000 4.79346
44090000 4.79526
44100000 4.79643
44110000 4.79728
44120000 4.79797
44130000 4.79898
44140000 4.80038
44150000 4.80183
44160000 4.80422
44170000 4.80646
44180000 4.8083
44190000 4.80987
44200000 4.8121
44210000 4.81465
44220000 4.81732
44230000 4.81942
44240000 4.82181
44250000 4.82415
44260000 4.8269
44270000 4.82993
44280000 4.83254
44290000 4.83544
44300000 4.83796
44310000 4.83987
44320000 4.84166
44330000 4.84335
44340000 4.84476
44350000 4.84626
44360000 4.84751
44370000 4.8487
44380000 4.84905
44390000 4.84977
44400000 4.85071
44410000 4.85153
44420000 4.85205
44430000 4.8531
44440000 4.85332
44450000 4.85342
44460000 4.85371
44470000 4.85332
44480000 4.85324
44490000 4.85314
44500000 4.85355
44510000 4.85435
44520000 4.85587
44530000 4.85729
44540000 4.85875
44550000 4.85995
44560000 4.86073
44570000 4.86117
44580000 4.86152
44590000 4.86184
44600000 4.86171
44610000 4.86125
44620000 4.86146
44630000 4.86154
44640000 4.86129
44650000 4.86065
44660000 4.86
44670000 4.86008
44680000 4.86016
44690000 4.86043
44700000 4.86089
44710000 4.86133
44720000 4.86189
44730000 4.86161
44740000 4.86125
44750000 4.86085
44760000 4.8601
44770000 4.85888
44780000 4.8578
44790000 4.85738
44800000 4.85761
44810000 4.85733
44820000 4.85701
44830000 4.85642
44840000 4.85579
44850000 4.85498
44860000 4.85387
44870000 4.85374
44880000 4.85472
44890000 4.85516
44900000 4.85606
44910000 4.85759
44920000 4.85891
44930000 4.85995
44940000 4.86108
44950000 4.862
44960000 4.86332
44970000 4.86461
44980000 4.86606
44990000 4.86732
45000000 4.86774
45010000 4.86865
45020000 4.86987
45030000 4.87087
45040000 4.87143
45050000 4.87178
45060000 4.87247
45070000 4.8731
45080000 4.87417
45090000 4.87507
45100000 4.87629
45110000 4.87775
45120000 4.87838
45130000 4.87872
45140000 4.87766
45150000 4.87653
45160000 4.87582
45170000 4.87503
45180000 4.87395
45190000 4.87292
45200000 4.87153
45210000 4.86996
45220000 4.86902
45230000 4.86873
45240000 4.86875
45250000 4.86885
45260000 4.86821
45270000 4.86849
45280000 4.86862
45290000 4.86863
45300000 4.869
45310000 4.86967
45320000 4.87015
45330000 4.87054
45340000 4.87086
45350000 4.8709
45360000 4.87085
45370000 4.87084
45380000 4.87106
45390000 4.87133
45400000 4.87128
45410000 4.87124
45420000 4.87112
45430000 4.87059
45440000 4.87023
45450000 4.87047
45460000 4.87076
45470000 4.8712
45480000 4.87103
45490000 4.87059
45500000 4.87026
45510000 4.87023
45520000 4.86996
45530000 4.87013
45540000 4.87071
45550000 4.87139
45560000 4.8715
45570000 4.87144
45580000 4.87088
45590000 4.86939
45600000 4.86866
45610000 4.86813
45620000 4.86831
45630000 4.86785
45640000 4.86745
45650000 4.86713
45660000 4.86654
45670000 4.86555
45680000 4.86444
45690000 4.86429
45700000 4.86449
45710000 4.86452
45720000 4.86385
45730000 4.86327
45740000 4.86271
45750000 4.86239
45760000 4.86188
45770000 4.8607
45780000 4.85884
45790000 4.85739
45800000 4.85573
45810000 4.85417
45820000 4.85221
45830000 4.84997
45840000 4.84778
45850000 4.8454
45860000 4.84342
45870000 4.8419
45880000 4.84047
45890000 4.8384
45900000 4.836
45910000 4.83391
45920000 4.8319
45930000 4.82923
45940000 4.82604
45950000 4.82266
45960000 4.8199
45970000 4.81758
45980000 4.81551
45990000 4.81339
46000000 4.81129
46010000 4.8083
46020000 4.80595
46030000 4.80385
46040000 4.80074
46050000 4.79757
46060000 4.79472
46070000 4.79252
46080000 4.79043
46090000 4.78892
46100000 4.78756
46110000 4.78603
46120000 4.78516
46130000 4.78535
46140000 4.78552
46150000 4.78567
46160000 4.78579
46170000 4.78604
46180000 4.78682
46190000 4.78728
46200000 4.78769
46210000 4.7884
46220000 4.78928
46230000 4.78986
46240000 4.7896
46250000 4.78938
46260000 4.78926
46270000 4.78918
46280000 4.78979
46290000 4.79081
46300000 4.79246
46310000 4.79411
46320000 4.79506
46330000 4.79641
46340000 4.79838
46350000 4.80036
46360000 4.80236
46370000 4.80436
46380000 4.80555
46390000 4.8064
46400000 4.80746
46410000 4.80865
46420000 4.81036
46430000 4.81179
46440000 4.81337
46450000 4.8157
46460000 4.81772
46470000 4.82031
46480000 4.82287
46490000 4.82552
46500000 4.82833
46510000 4.83105
46520000 4.83383
46530000 4.83657
46540000 4.83886
46550000 4.84098
46560000 4.84264
46570000 4.84446
46580000 4.84624
46590000 4.84779
46600000 4.84892
46610000 4.85088
46620000 4.85289
46630000 4.85436
46640000 4.85553
46650000 4.85667
46660000 4.85748
46670000 4.85898
46680000 4.86072
46690000 4.86223
46700000 4.8629
46710000 4.86334
46720000 4.86355
46730000 4.86414
46740000 4.86505
46750000 4.8659
46760000 4.86622
46770000 4.86629
46780000 4.8665
46790000 4.86715
46800000 4.86822
46810000 4.86952
46820000 4.86978
46830000 4.86995
46840000 4.87044
46850000 4.87173
46860000 4.87323
46870000 4.87494
46880000 4.87675
46890000 4.87846
46900000 4.88006
46910000 4.88184
46920000 4.88267
46930000 4.88296
46940000 4.88322
46950000 4.88313
46960000 4.8833
46970000 4.88309
46980000 4.88303
46990000 4.88311
47000000 4.88295
47010000 4.88332
47020000 4.88343
47030000 4.883
47040000 4.88195
47050000 4.88108
47060000 4.88054
47070000 4.87966
47080000 4.87894
47090000 4.87843
47100000 4.87763
47110000 4.87654
47120000 4.87497
47130000 4.87368
47140000 4.87275
47150000 4.87218
47160000 4.87134
47170000 4.87067
47180000 4.86975
47190000 4.86818
47200000 4.86658
47210000 4.86501
47220000 4.8631
47230000 4.86206
47240000 4.86186
47250000 4.86149
47260000 4.86104
47270000 4.86037
47280000 4.85883
47290000 4.85676
47300000 4.85482
47310000 4.85346
47320000 4.85256
47330000 4.85171
47340000 4.85113
47350000 4.85114
47360000 4.85149
47370000 4.85242
47380000 4.85409
47390000 4.85592
47400000 4.85765
47410000 4.85918
47420000 4.86041
47430000 4.86136
47440000 4.86206
47450000 4.86166
47460000 4.86101
47470000 4.86019
47480000 4.85986
47490000 4.85926
47500000 4.85886
47510000 4.8588
47520000 4.8588
47530000 4.85916
47540000 4.85938
47550000 4.85909
47560000 4.85749
47570000 4.85617
47580000 4.85491
47590000 4.85459
47600000 4.85446
47610000 4.85495
47620000 4.85603
47630000 4.85659
47640000 4.8566
47650000 4.85566
47660000 4.85523
47670000 4.85441
47680000 4.8535
47690000 4.85214
47700000 4.85049
47710000 4.84862
47720000 4.84642
47730000 4.84537
47740000 4.84424
47750000 4.84256
47760000 4.84089
47770000 4.83886
47780000 4.83713
47790000 4.835
47800000 4.83318
47810000 4.83151
47820000 4.82914
47830000 4.82773
47840000 4.82651
47850000 4.82533
47860000 4.82373
47870000 4.82124
47880000 4.81876
47890000 4.81677
47900000 4.81531
47910000 4.81427
47920000 4.81391
47930000 4.8136
47940000 4.8131
47950000 4.8131
47960000 4.81364
47970000 4.81461
47980000 4.81526
47990000 4.81614
48000000 4.81668
48010000 4.81654
48020000 4.817
48030000 4.81724
48040000 4.81768
48050000 4.81847
48060000 4.81858
48070000 4.81919
48080000 4.82028
48090000 4.82084
48100000 4.82178
48110000 4.82315
48120000 4.82418
48130000 4.82485
48140000 4.82523
48150000 4.82564
48160000 4.82541
48170000 4.82424
48180000 4.82279
48190000 4.82157
48200000 4.8212
48210000 4.82024
48220000 4.81909
48230000 4.81819
48240000 4.8174
48250000 4.81619
48260000 4.81513
48270000 4.81475
48280000 4.81365
48290000 4.81213
48300000 4.81156
48310000 4.8114
48320000 4.81066
48330000 4.80938
48340000 4.8081
48350000 4.80656
48360000 4.80546
48370000 4.80438
48380000 4.80311
48390000 4.80259
48400000 4.80222
48410000 4.80249
48420000 4.80232
48430000 4.80247
48440000 4.80197
48450000 4.80191
48460000 4.80206
48470000 4.80193
48480000 4.80199
48490000 4.80241
48500000 4.80293
48510000 4.8028
48520000 4.80251
48530000 4.80182
48540000 4.80093
48550000 4.79981
48560000 4.79939
48570000 4.79929
48580000 4.79926
48590000 4.79887
48600000 4.79791
48610000 4.79701
48620000 4.79495
48630000 4.79258
48640000 4.78954
48650000 4.78644
48660000 4.78377
48670000 4.78164
48680000 4.78012
48690000 4.77894
48700000 4.77788
48710000 4.77688
48720000 4.77578
48730000 4.77453
48740000 4.77318
48750000 4.77113
48760000 4.76874
48770000 4.76597
48780000 4.76333
48790000 4.76091
48800000 4.75869
48810000 4.75672
48820000 4.75489
48830000 4.75313
48840000 4.7517
48850000 4.75058
48860000 4.74914
48870000 4.74825
48880000 4.74804
48890000 4.74708
48900000 4.7467
48910000 4.74598
48920000 4.74502
48930000 4.74355
48940000 4.7419
48950000 4.74031
48960000 4.73858
48970000 4.73757
48980000 4.73621
48990000 4.7354
49000000 4.73523
49010000 4.73466
49020000 4.73326
49030000 4.73182
49040000 4.72974
49050000 4.72718
49060000 4.72475
49070000 4.72229
49080000 4.72072
49090000 4.71982
49100000 4.71923
49110000 4.71876
49120000 4.71811
49130000 4.71703
49140000 4.71584
49150000 4.71405
49160000 4.71245
49170000 4.71095
49180000 4.70916
49190000 4.70737
49200000 4.70542
49210000 4.70304
49220000 4.70092
49230000 4.69892
49240000 4.6972
49250000 4.69603
49260000 4.69461
49270000 4.69327
49280000 4.6918
49290000 4.6898
49300000 4.68851
49310000 4.68775
49320000 4.68718
49330000 4.68669
49340000 4.68647
49350000 4.68669
49360000 4.68666
49370000 4.68679
49380000 4.68761
49390000 4.68871
49400000 4.6894
49410000 4.68941
49420000 4.68947
49430000 4.69017
49440000 4.69067
49450000 4.69097
49460000 4.69034
49470000 4.68979
49480000 4.68877
49490000 4.68797
49500000 4.68787
49510000 4.68776
49520000 4.68719
49530000 4.68654
49540000 4.6864
49550000 4.68641
49560000 4.68594
49570000 4.68535
49580000 4.68492
49590000 4.6845
49600000 4.68413
49610000 4.68388
49620000 4.68435
49630000 4.68474
49640000 4.68492
49650000 4.68497
49660000 4.6859
49670000 4.68596
49680000 4.68578
49690000 4.68531
49700000 4.68456
49710000 4.68377
49720000 4.68275
49730000 4.68154
49740000 4.68053
49750000 4.67916
49760000 4.67775
49770000 4.67625
49780000 4.67483
49790000 4.67328
49800000 4.67149
49810000 4.66994
49820000 4.66841
49830000 4.66688
49840000 4.6658
49850000 4.66463
49860000 4.66327
49870000 4.66171
49880000 4.66022
49890000 4.6586
49900000 4.65641
49910000 4.65494
49920000 4.65338
49930000 4.65144
49940000 4.64967
49950000 4.64783
49960000 4.64625
49970000 4.6446
49980000 4.64297
49990000 4.64185
50000000 4.64133
