# Time-averaged data for fix aveRg
# TimeStep c_Rg
20000 13.8596
30000 13.1221
40000 12.5487
50000 12.163
60000 11.8663
70000 11.6265
80000 11.4038
90000 11.1463
100000 10.8684
110000 10.5702
120000 10.3398
130000 10.1738
140000 10.0447
150000 9.90982
160000 9.77469
170000 9.63774
180000 9.52081
190000 9.41235
200000 9.31404
210000 9.22887
220000 9.15611
230000 9.07818
240000 8.98381
250000 8.90837
260000 8.84307
270000 8.77439
280000 8.69762
290000 8.62832
300000 8.58498
310000 8.54473
320000 8.50041
330000 8.45788
340000 8.40842
350000 8.35586
360000 8.32556
370000 8.29993
380000 8.2844
390000 8.26461
400000 8.23402
410000 8.19722
420000 8.15644
430000 8.11263
440000 8.06663
450000 8.02314
460000 7.97901
470000 7.94494
480000 7.92473
490000 7.90475
500000 7.87362
510000 7.83269
520000 7.79785
530000 7.76092
540000 7.73102
550000 7.70614
560000 7.67314
570000 7.63728
580000 7.60432
590000 7.56726
600000 7.53257
610000 7.50425
620000 7.47936
630000 7.45439
640000 7.42331
650000 7.38888
660000 7.34912
670000 7.30938
680000 7.27542
690000 7.2411
700000 7.20596
710000 7.17511
720000 7.14727
730000 7.11541
740000 7.07992
750000 7.0406
760000 7.00181
770000 6.96089
780000 6.92676
790000 6.89638
800000 6.87322
810000 6.84659
820000 6.81634
830000 6.78291
840000 6.75432
850000 6.72292
860000 6.69378
870000 6.66554
880000 6.64141
890000 6.6186
900000 6.59464
910000 6.57579
920000 6.55827
930000 6.54246
940000 6.52584
950000 6.50933
960000 6.49501
970000 6.48266
980000 6.47584
990000 6.47026
1000000 6.46262
1010000 6.45362
1020000 6.44374
1030000 6.43361
1040000 6.42528
1050000 6.41616
1060000 6.40811
1070000 6.40246
1080000 6.40052
1090000 6.40161
1100000 6.39981
1110000 6.39602
1120000 6.39124
1130000 6.3868
1140000 6.38107
1150000 6.37606
1160000 6.37271
1170000 6.36618
1180000 6.36438
1190000 6.36045
1200000 6.35468
1210000 6.34816
1220000 6.3409
1230000 6.33305
1240000 6.32341
1250000 6.31239
1260000 6.30494
1270000 6.2963
1280000 6.28332
1290000 6.27171
1300000 6.26034
1310000 6.24925
1320000 6.23938
1330000 6.22864
1340000 6.2179
1350000 6.21152
1360000 6.20916
1370000 6.20865
1380000 6.20429
1390000 6.20283
1400000 6.20207
1410000 6.20085
1420000 6.19547
1430000 6.1913
1440000 6.18699
1450000 6.18317
1460000 6.17876
1470000 6.17167
1480000 6.1652
1490000 6.15875
1500000 6.15046
1510000 6.13967
1520000 6.13085
1530000 6.12123
1540000 6.1122
1550000 6.10087
1560000 6.08988
1570000 6.07962
1580000 6.072
1590000 6.0659
1600000 6.05772
1610000 6.05004
1620000 6.04139
1630000 6.03278
1640000 6.02483
1650000 6.02052
1660000 6.01518
1670000 6.00787
1680000 5.99843
1690000 5.98623
1700000 5.9752
1710000 5.96539
1720000 5.95567
1730000 5.9488
1740000 5.94186
1750000 5.93523
1760000 5.92819
1770000 5.92102
1780000 5.91502
1790000 5.9071
1800000 5.89903
1810000 5.889
1820000 5.87851
1830000 5.86874
1840000 5.86215
1850000 5.85852
1860000 5.85608
1870000 5.85325
1880000 5.84996
1890000 5.84461
1900000 5.83837
1910000 5.83332
1920000 5.82745
1930000 5.82066
1940000 5.81323
1950000 5.80706
1960000 5.79909
1970000 5.79128
1980000 5.78504
1990000 5.77998
2000000 5.77388
2010000 5.76542
2020000 5.7569
2030000 5.74766
2040000 5.73902
2050000 5.73318
2060000 5.72763
2070000 5.72152
2080000 5.71325
2090000 5.70633
2100000 5.70176
2110000 5.6959
2120000 5.69158
2130000 5.6875
2140000 5.6831
2150000 5.67906
2160000 5.67299
2170000 5.66798
2180000 5.66456
2190000 5.66314
2200000 5.66332
2210000 5.66291
2220000 5.66325
2230000 5.66214
2240000 5.66178
2250000 5.66306
2260000 5.66464
2270000 5.66674
2280000 5.67012
2290000 5.67145
2300000 5.67169
2310000 5.67054
2320000 5.66757
2330000 5.66384
2340000 5.6605
2350000 5.65826
2360000 5.65644
2370000 5.65779
2380000 5.65929
2390000 5.65922
2400000 5.65984
2410000 5.66033
2420000 5.6612
2430000 5.66304
2440000 5.66573
2450000 5.66706
2460000 5.66751
2470000 5.66783
2480000 5.6687
2490000 5.66861
2500000 5.66929
2510000 5.67338
2520000 5.67975
2530000 5.68623
2540000 5.69253
2550000 5.69914
2560000 5.70402
2570000 5.7077
2580000 5.71099
2590000 5.71321
2600000 5.71727
2610000 5.72155
2620000 5.72499
2630000 5.72731
2640000 5.72984
2650000 5.73175
2660000 5.73319
2670000 5.73391
2680000 5.73527
2690000 5.73721
2700000 5.73861
2710000 5.73936
2720000 5.73909
2730000 5.73761
2740000 5.73319
2750000 5.7283
2760000 5.72363
2770000 5.71933
2780000 5.71377
2790000 5.708
2800000 5.70225
2810000 5.6974
2820000 5.6925
2830000 5.68666
2840000 5.68114
2850000 5.67754
2860000 5.67417
2870000 5.67134
2880000 5.66858
2890000 5.66623
2900000 5.66333
2910000 5.66007
2920000 5.6566
2930000 5.65432
2940000 5.65169
2950000 5.64889
2960000 5.64621
2970000 5.64285
2980000 5.63932
2990000 5.63565
3000000 5.6318
3010000 5.62659
3020000 5.6201
3030000 5.61439
3040000 5.6081
3050000 5.60286
3060000 5.59849
3070000 5.59338
3080000 5.58791
3090000 5.58305
3100000 5.57919
3110000 5.57679
3120000 5.57406
3130000 5.57024
3140000 5.56633
3150000 5.562
3160000 5.55818
3170000 5.55462
3180000 5.54998
3190000 5.54535
3200000 5.54122
3210000 5.53641
3220000 5.53207
3230000 5.52844
3240000 5.52584
3250000 5.52228
3260000 5.51806
3270000 5.51506
3280000 5.51259
3290000 5.51034
3300000 5.50844
3310000 5.50689
3320000 5.50639
3330000 5.50694
3340000 5.50698
3350000 5.5066
3360000 5.50623
3370000 5.50661
3380000 5.50603
3390000 5.50451
3400000 5.50318
3410000 5.50163
3420000 5.50056
3430000 5.4995
3440000 5.49848
3450000 5.49675
3460000 5.49481
3470000 5.49236
3480000 5.48911
3490000 5.48618
3500000 5.48315
3510000 5.47907
3520000 5.47543
3530000 5.47237
3540000 5.46906
3550000 5.46551
3560000 5.46275
3570000 5.46109
3580000 5.45974
3590000 5.45736
3600000 5.45435
3610000 5.45177
3620000 5.44995
3630000 5.44846
3640000 5.4464
3650000 5.44407
3660000 5.44123
3670000 5.43877
3680000 5.436
3690000 5.43229
3700000 5.42875
3710000 5.42585
3720000 5.4232
3730000 5.42045
3740000 5.41884
3750000 5.41645
3760000 5.41259
3770000 5.40812
3780000 5.4033
3790000 5.39945
3800000 5.39561
3810000 5.39147
3820000 5.38841
3830000 5.38633
3840000 5.38325
3850000 5.37964
3860000 5.37652
3870000 5.37493
3880000 5.37383
3890000 5.37258
3900000 5.37172
3910000 5.36973
3920000 5.36747
3930000 5.36702
3940000 5.36685
3950000 5.36696
3960000 5.36699
3970000 5.36497
3980000 5.363
3990000 5.36111
4000000 5.36033
4010000 5.35896
4020000 5.35695
4030000 5.35416
4040000 5.35221
4050000 5.34995
4060000 5.34713
4070000 5.34401
4080000 5.34054
4090000 5.33686
4100000 5.33313
4110000 5.32996
4120000 5.32706
4130000 5.32435
4140000 5.32168
4150000 5.31851
4160000 5.31598
4170000 5.31476
4180000 5.31358
4190000 5.31151
4200000 5.3098
4210000 5.30833
4220000 5.30723
4230000 5.30577
4240000 5.30441
4250000 5.3021
4260000 5.29917
4270000 5.29621
4280000 5.29383
4290000 5.29217
4300000 5.29104
4310000 5.28888
4320000 5.28661
4330000 5.2846
4340000 5.28174
4350000 5.2793
4360000 5.27938
4370000 5.27995
4380000 5.2808
4390000 5.28165
4400000 5.28264
4410000 5.28321
4420000 5.28362
4430000 5.28326
4440000 5.28246
4450000 5.28133
4460000 5.28067
4470000 5.27922
4480000 5.27664
4490000 5.27412
4500000 5.27272
4510000 5.27102
4520000 5.26997
4530000 5.26956
4540000 5.26951
4550000 5.26855
4560000 5.26715
4570000 5.26578
4580000 5.26412
4590000 5.263
4600000 5.26261
4610000 5.26265
4620000 5.2627
4630000 5.26255
4640000 5.26202
4650000 5.26088
4660000 5.25932
4670000 5.25809
4680000 5.25706
4690000 5.25586
4700000 5.25476
4710000 5.25338
4720000 5.25229
4730000 5.25146
4740000 5.25135
4750000 5.25081
4760000 5.24856
4770000 5.24561
4780000 5.24334
4790000 5.24046
4800000 5.23748
4810000 5.23509
4820000 5.23228
4830000 5.22921
4840000 5.22537
4850000 5.22187
4860000 5.21791
4870000 5.21429
4880000 5.21085
4890000 5.20878
4900000 5.20732
4910000 5.20545
4920000 5.20313
4930000 5.20039
4940000 5.19802
4950000 5.19648
4960000 5.19484
4970000 5.1926
4980000 5.19053
4990000 5.18785
5000000 5.18508
5010000 5.18283
5020000 5.18095
5030000 5.17987
5040000 5.17884
5050000 5.17748
5060000 5.17563
5070000 5.17453
5080000 5.17381
5090000 5.17334
5100000 5.17302
5110000 5.17246
5120000 5.17126
5130000 5.17074
5140000 5.17054
5150000 5.17045
5160000 5.17012
5170000 5.16928
5180000 5.16818
5190000 5.1665
5200000 5.16477
5210000 5.16387
5220000 5.16296
5230000 5.16243
5240000 5.16227
5250000 5.16276
5260000 5.16371
5270000 5.16473
5280000 5.16504
5290000 5.16461
5300000 5.16473
5310000 5.16568
5320000 5.16748
5330000 5.16965
5340000 5.17164
5350000 5.17322
5360000 5.17426
5370000 5.17486
5380000 5.1756
5390000 5.17583
5400000 5.17606
5410000 5.17652
5420000 5.17712
5430000 5.17899
5440000 5.18081
5450000 5.18261
5460000 5.18544
5470000 5.1886
5480000 5.19207
5490000 5.19558
5500000 5.19949
5510000 5.2035
5520000 5.20664
5530000 5.20902
5540000 5.21145
5550000 5.21468
5560000 5.21797
5570000 5.22058
5580000 5.22391
5590000 5.22715
5600000 5.22986
5610000 5.23266
5620000 5.235
5630000 5.23682
5640000 5.23796
5650000 5.23957
5660000 5.24173
5670000 5.24336
5680000 5.24506
5690000 5.24667
5700000 5.24808
5710000 5.2496
5720000 5.25041
5730000 5.25108
5740000 5.25269
5750000 5.25429
5760000 5.25636
5770000 5.2595
5780000 5.26356
5790000 5.26757
5800000 5.27193
5810000 5.27644
5820000 5.28065
5830000 5.28363
5840000 5.2864
5850000 5.2899
5860000 5.29304
5870000 5.29644
5880000 5.29988
5890000 5.30357
5900000 5.30681
5910000 5.30961
5920000 5.31252
5930000 5.31566
5940000 5.31966
5950000 5.32401
5960000 5.32801
5970000 5.33145
5980000 5.33417
5990000 5.33705
6000000 5.33985
6010000 5.34201
6020000 5.34362
6030000 5.3449
6040000 5.34635
6050000 5.3469
6060000 5.34742
6070000 5.34802
6080000 5.34853
6090000 5.34834
6100000 5.34849
6110000 5.34902
6120000 5.34963
6130000 5.34913
6140000 5.34857
6150000 5.34789
6160000 5.34632
6170000 5.34467
6180000 5.34304
6190000 5.34121
6200000 5.33999
6210000 5.33905
6220000 5.33889
6230000 5.33841
6240000 5.33739
6250000 5.33573
6260000 5.33414
6270000 5.3335
6280000 5.33257
6290000 5.33157
6300000 5.33043
6310000 5.32939
6320000 5.32947
6330000 5.32983
6340000 5.33051
6350000 5.3312
6360000 5.33115
6370000 5.33047
6380000 5.329
6390000 5.32752
6400000 5.32608
6410000 5.32497
6420000 5.32403
6430000 5.32342
6440000 5.32261
6450000 5.32093
6460000 5.31866
6470000 5.31715
6480000 5.3158
6490000 5.3146
6500000 5.31334
6510000 5.31178
6520000 5.30983
6530000 5.30818
6540000 5.30655
6550000 5.30464
6560000 5.30318
6570000 5.30258
6580000 5.30159
6590000 5.29995
6600000 5.2984
6610000 5.2966
6620000 5.29577
6630000 5.29581
6640000 5.29654
6650000 5.29731
6660000 5.29811
6670000 5.29823
6680000 5.29717
6690000 5.29616
6700000 5.29504
6710000 5.2937
6720000 5.29189
6730000 5.28944
6740000 5.28742
6750000 5.28588
6760000 5.28468
6770000 5.28317
6780000 5.28204
6790000 5.28118
6800000 5.27965
6810000 5.27773
6820000 5.27633
6830000 5.27499
6840000 5.27396
6850000 5.27268
6860000 5.27167
6870000 5.2713
6880000 5.27151
6890000 5.27153
6900000 5.27121
6910000 5.27133
6920000 5.27085
6930000 5.27024
6940000 5.26958
6950000 5.26834
6960000 5.26713
6970000 5.266
6980000 5.26515
6990000 5.26441
7000000 5.26391
7010000 5.26384
7020000 5.26316
7030000 5.26239
7040000 5.26187
7050000 5.26103
7060000 5.26056
7070000 5.26017
7080000 5.25912
7090000 5.25874
7100000 5.25911
7110000 5.25938
7120000 5.25898
7130000 5.25847
7140000 5.25798
7150000 5.25685
7160000 5.25561
7170000 5.25422
7180000 5.25269
7190000 5.25119
7200000 5.24968
7210000 5.24805
7220000 5.24718
7230000 5.24616
7240000 5.24528
7250000 5.24482
7260000 5.24418
7270000 5.24273
7280000 5.24168
7290000 5.24054
7300000 5.23886
7310000 5.23735
7320000 5.2359
7330000 5.23471
7340000 5.23348
7350000 5.23207
7360000 5.23072
7370000 5.2286
7380000 5.22629
7390000 5.22408
7400000 5.2218
7410000 5.21987
7420000 5.21771
7430000 5.21578
7440000 5.21377
7450000 5.21243
7460000 5.21121
7470000 5.20966
7480000 5.20809
7490000 5.20661
7500000 5.205
7510000 5.20308
7520000 5.20132
7530000 5.19955
7540000 5.19785
7550000 5.19611
7560000 5.19423
7570000 5.19207
7580000 5.19014
7590000 5.18853
7600000 5.18685
7610000 5.18505
7620000 5.18304
7630000 5.18127
7640000 5.17946
7650000 5.17826
7660000 5.17721
7670000 5.17623
7680000 5.17574
7690000 5.17577
7700000 5.17561
7710000 5.17561
7720000 5.17553
7730000 5.17569
7740000 5.17543
7750000 5.17524
7760000 5.17478
7770000 5.17468
7780000 5.17465
7790000 5.17516
7800000 5.17565
7810000 5.17556
7820000 5.17543
7830000 5.17541
7840000 5.17553
7850000 5.17555
7860000 5.1756
7870000 5.17518
7880000 5.1752
7890000 5.17558
7900000 5.17576
7910000 5.176
7920000 5.17592
7930000 5.17587
7940000 5.17576
7950000 5.17539
7960000 5.17516
7970000 5.17483
7980000 5.17424
7990000 5.17336
8000000 5.17232
8010000 5.17157
8020000 5.17104
8030000 5.17095
8040000 5.17134
8050000 5.17156
8060000 5.17148
8070000 5.17114
8080000 5.17087
8090000 5.17035
8100000 5.16969
8110000 5.16912
8120000 5.1685
8130000 5.16875
8140000 5.16904
8150000 5.169
8160000 5.16898
8170000 5.169
8180000 5.16948
8190000 5.17038
8200000 5.17111
8210000 5.17149
8220000 5.17193
8230000 5.17226
8240000 5.17308
8250000 5.17368
8260000 5.17442
8270000 5.17514
8280000 5.17563
8290000 5.17632
8300000 5.17642
8310000 5.17598
8320000 5.17534
8330000 5.17504
8340000 5.17524
8350000 5.17548
8360000 5.17584
8370000 5.17668
8380000 5.17752
8390000 5.17811
8400000 5.17861
8410000 5.1789
8420000 5.17917
8430000 5.17886
8440000 5.17801
8450000 5.17687
8460000 5.17538
8470000 5.17402
8480000 5.17279
8490000 5.17194
8500000 5.17132
8510000 5.17097
8520000 5.17086
8530000 5.17137
8540000 5.17177
8550000 5.17207
8560000 5.1722
8570000 5.17225
8580000 5.17267
8590000 5.1734
8600000 5.17384
8610000 5.17435
8620000 5.17514
8630000 5.17548
8640000 5.17596
8650000 5.17663
8660000 5.17743
8670000 5.17889
8680000 5.18041
8690000 5.1818
8700000 5.18321
8710000 5.18463
8720000 5.18578
8730000 5.18725
8740000 5.18878
8750000 5.18951
8760000 5.19033
8770000 5.19096
8780000 5.19129
8790000 5.19155
8800000 5.19133
8810000 5.19098
8820000 5.19081
8830000 5.19039
8840000 5.18998
8850000 5.18952
8860000 5.18873
8870000 5.18823
8880000 5.18868
8890000 5.18975
8900000 5.19071
8910000 5.19165
8920000 5.19182
8930000 5.19185
8940000 5.1919
8950000 5.19165
8960000 5.19181
8970000 5.1917
8980000 5.19183
8990000 5.19216
9000000 5.19226
9010000 5.19256
9020000 5.19282
9030000 5.19321
9040000 5.19367
9050000 5.19432
9060000 5.19483
9070000 5.19505
9080000 5.19493
9090000 5.19518
9100000 5.19547
9110000 5.19551
9120000 5.19571
9130000 5.19626
9140000 5.19683
9150000 5.19783
9160000 5.19902
9170000 5.19912
9180000 5.19947
9190000 5.19986
9200000 5.20023
9210000 5.20021
9220000 5.2004
9230000 5.20041
9240000 5.20027
9250000 5.20029
9260000 5.20006
9270000 5.19982
9280000 5.19973
9290000 5.19958
9300000 5.19995
9310000 5.20048
9320000 5.20087
9330000 5.20169
9340000 5.20234
9350000 5.20272
9360000 5.2031
9370000 5.20376
9380000 5.20428
9390000 5.20483
9400000 5.20531
9410000 5.206
9420000 5.20688
9430000 5.20776
9440000 5.20862
9450000 5.20988
9460000 5.21164
9470000 5.21354
9480000 5.21537
9490000 5.2171
9500000 5.21887
9510000 5.22026
9520000 5.22147
9530000 5.22285
9540000 5.2246
9550000 5.22598
9560000 5.22693
9570000 5.22769
9580000 5.22816
9590000 5.22848
9600000 5.22878
9610000 5.22894
9620000 5.22876
9630000 5.22846
9640000 5.22797
9650000 5.22769
9660000 5.22775
9670000 5.22777
9680000 5.22756
9690000 5.22714
9700000 5.22676
9710000 5.22654
9720000 5.22652
9730000 5.22638
9740000 5.22684
9750000 5.22739
9760000 5.22808
9770000 5.22888
9780000 5.22979
9790000 5.23065
9800000 5.23171
9810000 5.23208
9820000 5.23236
9830000 5.23325
9840000 5.23422
9850000 5.23534
9860000 5.23658
9870000 5.23705
9880000 5.23724
9890000 5.23773
9900000 5.23805
9910000 5.23872
9920000 5.23924
9930000 5.23958
9940000 5.23974
9950000 5.23975
9960000 5.24042
9970000 5.24114
9980000 5.24181
9990000 5.24233
10000000 5.24284
10010000 5.24355
10020000 5.23519
10030000 5.22865
10040000 5.22343
10050000 5.21857
10060000 5.21454
10070000 5.21066
10080000 5.20751
10090000 5.20509
10100000 5.2034
10110000 5.20335
10120000 5.20253
10130000 5.2008
10140000 5.19876
10150000 5.19666
10160000 5.19496
10170000 5.19331
10180000 5.19193
10190000 5.19056
10200000 5.18915
10210000 5.18753
10220000 5.18591
10230000 5.18417
10240000 5.18285
10250000 5.18164
10260000 5.18094
10270000 5.18044
10280000 5.18035
10290000 5.17973
10300000 5.178
10310000 5.17629
10320000 5.17479
10330000 5.17297
10340000 5.17162
10350000 5.17025
10360000 5.16777
10370000 5.16535
10380000 5.16269
10390000 5.16024
10400000 5.15866
10410000 5.15735
10420000 5.15656
10430000 5.15567
10440000 5.15513
10450000 5.15432
10460000 5.15343
10470000 5.15235
10480000 5.15108
10490000 5.14976
10500000 5.14893
10510000 5.14831
10520000 5.14719
10530000 5.14624
10540000 5.14557
10550000 5.14497
10560000 5.14472
10570000 5.14488
10580000 5.14496
10590000 5.14561
10600000 5.14656
10610000 5.14712
10620000 5.14698
10630000 5.14657
10640000 5.14655
10650000 5.14648
10660000 5.14692
10670000 5.14729
10680000 5.1471
10690000 5.14675
10700000 5.14662
10710000 5.14636
10720000 5.14634
10730000 5.14683
10740000 5.1483
10750000 5.1502
10760000 5.15235
10770000 5.15484
10780000 5.15679
10790000 5.15827
10800000 5.15937
10810000 5.16087
10820000 5.16241
10830000 5.16409
10840000 5.16584
10850000 5.16829
10860000 5.17072
10870000 5.17283
10880000 5.17426
10890000 5.17543
10900000 5.17651
10910000 5.17691
10920000 5.17638
10930000 5.17568
10940000 5.17518
10950000 5.17461
10960000 5.17359
10970000 5.17256
10980000 5.17093
10990000 5.16908
11000000 5.16776
11010000 5.16691
11020000 5.16644
11030000 5.16627
11040000 5.16573
11050000 5.16549
11060000 5.16513
11070000 5.16458
11080000 5.1635
11090000 5.16181
11100000 5.16028
11110000 5.15901
11120000 5.15845
11130000 5.15786
11140000 5.15757
11150000 5.15706
11160000 5.15644
11170000 5.15588
11180000 5.15506
11190000 5.15402
11200000 5.15317
11210000 5.15259
11220000 5.15178
11230000 5.15161
11240000 5.15222
11250000 5.15355
11260000 5.15412
11270000 5.15492
11280000 5.15572
11290000 5.15611
11300000 5.15609
11310000 5.1565
11320000 5.15687
11330000 5.15788
11340000 5.15925
11350000 5.15981
11360000 5.15965
11370000 5.1592
11380000 5.15933
11390000 5.15931
11400000 5.15946
11410000 5.16027
11420000 5.16095
11430000 5.16091
11440000 5.16086
11450000 5.16129
11460000 5.16204
11470000 5.16314
11480000 5.16451
11490000 5.16536
11500000 5.16629
11510000 5.16756
11520000 5.16909
11530000 5.17093
11540000 5.17259
11550000 5.17459
11560000 5.17649
11570000 5.17834
11580000 5.17984
11590000 5.18097
11600000 5.18267
11610000 5.18436
11620000 5.18611
11630000 5.18722
11640000 5.18833
11650000 5.18855
11660000 5.18841
11670000 5.18789
11680000 5.18788
11690000 5.18902
11700000 5.19036
11710000 5.1917
11720000 5.19297
11730000 5.1936
11740000 5.19481
11750000 5.19578
11760000 5.19667
11770000 5.19733
11780000 5.19789
11790000 5.19856
11800000 5.19884
11810000 5.19926
11820000 5.20043
11830000 5.20157
11840000 5.20185
11850000 5.2013
11860000 5.20077
11870000 5.20043
11880000 5.20006
11890000 5.2002
11900000 5.20095
11910000 5.20151
11920000 5.20252
11930000 5.20364
11940000 5.20481
11950000 5.20574
11960000 5.20726
11970000 5.20866
11980000 5.20991
11990000 5.21102
12000000 5.21187
12010000 5.21317
12020000 5.21461
12030000 5.21632
12040000 5.21754
12050000 5.2181
12060000 5.21833
12070000 5.21899
12080000 5.22034
12090000 5.22146
12100000 5.22168
12110000 5.22238
12120000 5.22249
12130000 5.2227
12140000 5.22301
12150000 5.22332
12160000 5.22411
12170000 5.22444
12180000 5.22444
12190000 5.22397
12200000 5.22322
12210000 5.22277
12220000 5.22199
12230000 5.2211
12240000 5.21997
12250000 5.21866
12260000 5.21708
12270000 5.21546
12280000 5.21372
12290000 5.21279
12300000 5.21184
12310000 5.21092
12320000 5.21073
12330000 5.21102
12340000 5.21084
12350000 5.21001
12360000 5.20979
12370000 5.20907
12380000 5.20845
12390000 5.20793
12400000 5.20727
12410000 5.2061
12420000 5.20482
12430000 5.20334
12440000 5.20184
12450000 5.201
12460000 5.20024
12470000 5.19941
12480000 5.19838
12490000 5.19748
12500000 5.19644
12510000 5.19451
12520000 5.19212
12530000 5.18954
12540000 5.1866
12550000 5.18379
12560000 5.18199
12570000 5.18087
12580000 5.1798
12590000 5.17878
12600000 5.17724
12610000 5.17564
12620000 5.17445
12630000 5.17356
12640000 5.17241
12650000 5.17106
12660000 5.17005
12670000 5.16954
12680000 5.16919
12690000 5.16852
12700000 5.16753
12710000 5.16675
12720000 5.16619
12730000 5.16631
12740000 5.16719
12750000 5.16863
12760000 5.17014
12770000 5.1714
12780000 5.1737
12790000 5.17617
12800000 5.1783
12810000 5.18022
12820000 5.18211
12830000 5.1842
12840000 5.18635
12850000 5.18806
12860000 5.19043
12870000 5.19231
12880000 5.19395
12890000 5.19523
12900000 5.19674
12910000 5.19854
12920000 5.2005
12930000 5.20196
12940000 5.20348
12950000 5.20471
12960000 5.20534
12970000 5.20657
12980000 5.20811
12990000 5.21002
13000000 5.21183
13010000 5.2139
13020000 5.21575
13030000 5.21712
13040000 5.21825
13050000 5.21954
13060000 5.22092
13070000 5.22245
13080000 5.2243
13090000 5.2261
13100000 5.22708
13110000 5.22718
13120000 5.22717
13130000 5.22812
13140000 5.22875
13150000 5.22983
13160000 5.23047
13170000 5.23077
13180000 5.23146
13190000 5.2323
13200000 5.23311
13210000 5.23416
13220000 5.23461
13230000 5.23492
13240000 5.23483
13250000 5.23541
13260000 5.23569
13270000 5.23584
13280000 5.23629
13290000 5.23657
13300000 5.23641
13310000 5.236
13320000 5.23469
13330000 5.23281
13340000 5.23143
13350000 5.23035
13360000 5.22931
13370000 5.2281
13380000 5.22703
13390000 5.22669
13400000 5.22624
13410000 5.22576
13420000 5.22499
13430000 5.2245
13440000 5.22378
13450000 5.2232
13460000 5.22253
13470000 5.22204
13480000 5.22175
13490000 5.2215
13500000 5.2214
13510000 5.22227
13520000 5.22319
13530000 5.22397
13540000 5.22514
13550000 5.22609
13560000 5.22696
13570000 5.22765
13580000 5.22838
13590000 5.2289
13600000 5.22917
13610000 5.22913
13620000 5.2293
13630000 5.22928
13640000 5.22969
13650000 5.23007
13660000 5.23032
13670000 5.23049
13680000 5.23093
13690000 5.23097
13700000 5.23129
13710000 5.23138
13720000 5.23143
13730000 5.23162
13740000 5.23125
13750000 5.23093
13760000 5.2312
13770000 5.23157
13780000 5.23219
13790000 5.23246
13800000 5.2327
13810000 5.23342
13820000 5.23396
13830000 5.23384
13840000 5.23423
13850000 5.23482
13860000 5.2352
13870000 5.23482
13880000 5.23429
13890000 5.2341
13900000 5.23399
13910000 5.23427
13920000 5.23459
13930000 5.2341
13940000 5.23353
13950000 5.23305
13960000 5.23294
13970000 5.23358
13980000 5.23414
13990000 5.2346
14000000 5.23477
14010000 5.23465
14020000 5.23441
14030000 5.23423
14040000 5.23363
14050000 5.23351
14060000 5.23319
14070000 5.23321
14080000 5.23322
14090000 5.23283
14100000 5.23247
14110000 5.23209
14120000 5.23162
14130000 5.23105
14140000 5.23047
14150000 5.23028
14160000 5.23013
14170000 5.22954
14180000 5.22896
14190000 5.22877
14200000 5.2284
14210000 5.22843
14220000 5.22844
14230000 5.22843
14240000 5.22859
14250000 5.22938
14260000 5.22988
14270000 5.23038
14280000 5.23082
14290000 5.23105
14300000 5.2306
14310000 5.23096
14320000 5.23066
14330000 5.23044
14340000 5.23089
14350000 5.23151
14360000 5.23134
14370000 5.23083
14380000 5.22995
14390000 5.2293
14400000 5.22847
14410000 5.22796
14420000 5.22785
14430000 5.22813
14440000 5.22841
14450000 5.22868
14460000 5.22863
14470000 5.22897
14480000 5.22925
14490000 5.22941
14500000 5.22953
14510000 5.23048
14520000 5.23105
14530000 5.23121
14540000 5.23105
14550000 5.23133
14560000 5.23162
14570000 5.23197
14580000 5.23222
14590000 5.23249
14600000 5.23269
14610000 5.23315
14620000 5.23342
14630000 5.23354
14640000 5.23347
14650000 5.23351
14660000 5.23415
14670000 5.23456
14680000 5.23468
14690000 5.23505
14700000 5.23519
14710000 5.23602
14720000 5.23611
14730000 5.23607
14740000 5.23607
14750000 5.23657
14760000 5.2375
14770000 5.23822
14780000 5.23882
14790000 5.23984
14800000 5.2411
14810000 5.24195
14820000 5.24263
14830000 5.2436
14840000 5.24489
14850000 5.24583
14860000 5.24683
14870000 5.24819
14880000 5.24924
14890000 5.24926
14900000 5.24879
14910000 5.2485
14920000 5.24892
14930000 5.2494
14940000 5.2493
14950000 5.24885
14960000 5.2486
14970000 5.24864
14980000 5.24844
14990000 5.24811
15000000 5.24792
15010000 5.24768
15020000 5.2472
15030000 5.24682
15040000 5.2462
15050000 5.24596
15060000 5.24614
15070000 5.24589
15080000 5.24532
15090000 5.24455
15100000 5.24364
15110000 5.24334
15120000 5.24303
15130000 5.24221
15140000 5.24131
15150000 5.24029
15160000 5.23913
15170000 5.23874
15180000 5.23885
15190000 5.23912
15200000 5.23958
15210000 5.2397
15220000 5.23993
15230000 5.23974
15240000 5.23985
15250000 5.23943
15260000 5.23815
15270000 5.2361
15280000 5.23462
15290000 5.2336
15300000 5.23236
15310000 5.23053
15320000 5.22843
15330000 5.22599
15340000 5.22364
15350000 5.2219
15360000 5.22041
15370000 5.21941
15380000 5.21835
15390000 5.21794
15400000 5.21758
15410000 5.21732
15420000 5.21684
15430000 5.21602
15440000 5.21548
15450000 5.21526
15460000 5.21518
15470000 5.21511
15480000 5.21496
15490000 5.21439
15500000 5.21372
15510000 5.21285
15520000 5.21235
15530000 5.21177
15540000 5.21085
15550000 5.20936
15560000 5.20754
15570000 5.20666
15580000 5.20569
15590000 5.2044
15600000 5.20346
15610000 5.20251
15620000 5.20206
15630000 5.20225
15640000 5.20284
15650000 5.20346
15660000 5.20422
15670000 5.20542
15680000 5.20667
15690000 5.20796
15700000 5.20905
15710000 5.21011
15720000 5.21189
15730000 5.21352
15740000 5.21466
15750000 5.21541
15760000 5.21571
15770000 5.21558
15780000 5.21516
15790000 5.21475
15800000 5.21449
15810000 5.21455
15820000 5.21496
15830000 5.21613
15840000 5.21694
15850000 5.21768
15860000 5.21872
15870000 5.21945
15880000 5.21981
15890000 5.21947
15900000 5.2189
15910000 5.21878
15920000 5.21908
15930000 5.21969
15940000 5.21929
15950000 5.21862
15960000 5.21786
15970000 5.21681
15980000 5.21532
15990000 5.21366
16000000 5.21239
16010000 5.21171
16020000 5.21095
16030000 5.20981
16040000 5.20782
16050000 5.20621
16060000 5.20468
16070000 5.20312
16080000 5.20173
16090000 5.20052
16100000 5.19952
16110000 5.19803
16120000 5.19665
16130000 5.19597
16140000 5.19507
16150000 5.19426
16160000 5.19408
16170000 5.19406
16180000 5.19438
16190000 5.19479
16200000 5.19461
16210000 5.19405
16220000 5.19308
16230000 5.19248
16240000 5.1923
16250000 5.19245
16260000 5.19284
16270000 5.19256
16280000 5.19213
16290000 5.19176
16300000 5.19133
16310000 5.19103
16320000 5.19044
16330000 5.18956
16340000 5.18821
16350000 5.18724
16360000 5.18666
16370000 5.18614
16380000 5.18642
16390000 5.18698
16400000 5.18787
16410000 5.18875
16420000 5.18971
16430000 5.19022
16440000 5.19097
16450000 5.19214
16460000 5.19373
16470000 5.19489
16480000 5.19609
16490000 5.19694
16500000 5.19731
16510000 5.19792
16520000 5.19883
16530000 5.19957
16540000 5.20028
16550000 5.20124
16560000 5.20143
16570000 5.20102
16580000 5.2008
16590000 5.20125
16600000 5.20159
16610000 5.2018
16620000 5.20147
16630000 5.20056
16640000 5.19911
16650000 5.19721
16660000 5.19544
16670000 5.19436
16680000 5.19423
16690000 5.19431
16700000 5.19408
16710000 5.19396
16720000 5.19412
16730000 5.1946
16740000 5.19515
16750000 5.19517
16760000 5.19472
16770000 5.19451
16780000 5.19434
16790000 5.19388
16800000 5.19378
16810000 5.19398
16820000 5.19382
16830000 5.19345
16840000 5.19314
16850000 5.19281
16860000 5.19237
16870000 5.1919
16880000 5.19089
16890000 5.19041
16900000 5.19067
16910000 5.19073
16920000 5.19076
16930000 5.19097
16940000 5.19091
16950000 5.19165
16960000 5.19265
16970000 5.19371
16980000 5.19506
16990000 5.19629
17000000 5.19703
17010000 5.19784
17020000 5.19877
17030000 5.19969
17040000 5.20069
17050000 5.20193
17060000 5.20299
17070000 5.20407
17080000 5.2056
17090000 5.20632
17100000 5.2063
17110000 5.20627
17120000 5.20681
17130000 5.2072
17140000 5.20754
17150000 5.20832
17160000 5.20922
17170000 5.21011
17180000 5.21092
17190000 5.21118
17200000 5.21154
17210000 5.21184
17220000 5.21146
17230000 5.21124
17240000 5.21083
17250000 5.21053
17260000 5.21042
17270000 5.21129
17280000 5.21173
17290000 5.21222
17300000 5.21298
17310000 5.21325
17320000 5.21325
17330000 5.21342
17340000 5.21347
17350000 5.21354
17360000 5.21348
17370000 5.21394
17380000 5.21452
17390000 5.21522
17400000 5.21603
17410000 5.21681
17420000 5.21777
17430000 5.21867
17440000 5.21926
17450000 5.21861
17460000 5.21785
17470000 5.21783
17480000 5.21794
17490000 5.21786
17500000 5.21819
17510000 5.21927
17520000 5.22026
17530000 5.22134
17540000 5.22169
17550000 5.22205
17560000 5.22279
17570000 5.22332
17580000 5.22357
17590000 5.22356
17600000 5.22408
17610000 5.22467
17620000 5.22527
17630000 5.22554
17640000 5.22565
17650000 5.22537
17660000 5.22523
17670000 5.22515
17680000 5.22487
17690000 5.22428
17700000 5.22369
17710000 5.22273
17720000 5.22212
17730000 5.22168
17740000 5.22187
17750000 5.22195
17760000 5.2224
17770000 5.2221
17780000 5.22145
17790000 5.22014
17800000 5.21921
17810000 5.21941
17820000 5.21977
17830000 5.21932
17840000 5.21821
17850000 5.217
17860000 5.21594
17870000 5.21486
17880000 5.21325
17890000 5.21153
17900000 5.21018
17910000 5.20919
17920000 5.20846
17930000 5.20761
17940000 5.20702
17950000 5.20712
17960000 5.20729
17970000 5.20778
17980000 5.20901
17990000 5.21044
18000000 5.21201
18010000 5.21356
18020000 5.21574
18030000 5.21796
18040000 5.22013
18050000 5.22242
18060000 5.22529
18070000 5.2289
18080000 5.23239
18090000 5.23575
18100000 5.23888
18110000 5.24154
18120000 5.24454
18130000 5.2469
18140000 5.24878
18150000 5.25044
18160000 5.25224
18170000 5.25376
18180000 5.25503
18190000 5.25606
18200000 5.25712
18210000 5.25853
18220000 5.25996
18230000 5.26116
18240000 5.26196
18250000 5.26297
18260000 5.26364
18270000 5.26431
18280000 5.26532
18290000 5.26589
18300000 5.26666
18310000 5.26777
18320000 5.26957
18330000 5.27092
18340000 5.27164
18350000 5.27249
18360000 5.27318
18370000 5.27352
18380000 5.27405
18390000 5.27461
18400000 5.27454
18410000 5.2747
18420000 5.2751
18430000 5.27611
18440000 5.2776
18450000 5.27956
18460000 5.28173
18470000 5.28389
18480000 5.28575
18490000 5.28713
18500000 5.28789
18510000 5.28817
18520000 5.28795
18530000 5.287
18540000 5.28599
18550000 5.28464
18560000 5.28345
18570000 5.28268
18580000 5.28198
18590000 5.28024
18600000 5.27885
18610000 5.27743
18620000 5.27618
18630000 5.27547
18640000 5.27494
18650000 5.2739
18660000 5.27234
18670000 5.27043
18680000 5.26852
18690000 5.26649
18700000 5.26461
18710000 5.26252
18720000 5.26099
18730000 5.25918
18740000 5.25668
18750000 5.25465
18760000 5.25223
18770000 5.25033
18780000 5.24876
18790000 5.24748
18800000 5.2467
18810000 5.24611
18820000 5.24549
18830000 5.24506
18840000 5.24423
18850000 5.24375
18860000 5.24404
18870000 5.24403
18880000 5.2429
18890000 5.24097
18900000 5.23913
18910000 5.23723
18920000 5.23592
18930000 5.23446
18940000 5.23353
18950000 5.23338
18960000 5.2333
18970000 5.2334
18980000 5.23353
18990000 5.23361
19000000 5.23371
19010000 5.23386
19020000 5.23406
19030000 5.23414
19040000 5.2344
19050000 5.23424
19060000 5.23414
19070000 5.23485
19080000 5.23581
19090000 5.23642
19100000 5.23654
19110000 5.23689
19120000 5.23672
19130000 5.23592
19140000 5.23527
19150000 5.23411
19160000 5.23287
19170000 5.23281
19180000 5.23248
19190000 5.23217
19200000 5.23211
19210000 5.23203
19220000 5.23148
19230000 5.23091
19240000 5.23088
19250000 5.23144
19260000 5.23262
19270000 5.23399
19280000 5.2352
19290000 5.23578
19300000 5.23577
19310000 5.23586
19320000 5.23573
19330000 5.2352
19340000 5.23473
19350000 5.23441
19360000 5.23359
19370000 5.23238
19380000 5.23118
19390000 5.23003
19400000 5.22917
19410000 5.22787
19420000 5.22585
19430000 5.22379
19440000 5.22193
19450000 5.21987
19460000 5.21721
19470000 5.21406
19480000 5.21074
19490000 5.20762
19500000 5.20478
19510000 5.20231
19520000 5.19965
19530000 5.19723
19540000 5.19485
19550000 5.19274
19560000 5.19133
19570000 5.18994
19580000 5.18875
19590000 5.18829
19600000 5.1881
19610000 5.18852
19620000 5.1894
19630000 5.19036
19640000 5.19135
19650000 5.19202
19660000 5.19241
19670000 5.19298
19680000 5.19389
19690000 5.19511
19700000 5.19616
19710000 5.1966
19720000 5.19679
19730000 5.19771
19740000 5.19834
19750000 5.1984
19760000 5.19837
19770000 5.19831
19780000 5.19789
19790000 5.19773
19800000 5.19727
19810000 5.19784
19820000 5.19861
19830000 5.19856
19840000 5.19805
19850000 5.19673
19860000 5.19491
19870000 5.19356
19880000 5.19245
19890000 5.19141
19900000 5.19104
19910000 5.19062
19920000 5.19004
19930000 5.1892
19940000 5.18876
19950000 5.18859
19960000 5.18784
19970000 5.18707
19980000 5.18664
19990000 5.18646
20000000 5.18687
20010000 5.18664
20020000 5.1872
20030000 5.18772
20040000 5.18776
20050000 5.18811
20060000 5.18788
20070000 5.18751
20080000 5.18652
20090000 5.18581
20100000 5.18468
20110000 5.18184
20120000 5.17951
20130000 5.17744
20140000 5.17565
20150000 5.17458
20160000 5.17335
20170000 5.17213
20180000 5.17105
20190000 5.17025
20200000 5.16926
20210000 5.16871
20220000 5.1677
20230000 5.1667
20240000 5.16573
20250000 5.16431
20260000 5.16284
20270000 5.16158
20280000 5.16026
20290000 5.15935
20300000 5.15883
20310000 5.15811
20320000 5.15749
20330000 5.15707
20340000 5.15612
20350000 5.15514
20360000 5.15449
20370000 5.15395
20380000 5.15329
20390000 5.15271
20400000 5.15166
20410000 5.15038
20420000 5.14858
20430000 5.14729
20440000 5.14574
20450000 5.14451
20460000 5.14332
20470000 5.14253
20480000 5.14179
20490000 5.14081
20500000 5.14016
20510000 5.14017
20520000 5.14039
20530000 5.14071
20540000 5.13997
20550000 5.1384
20560000 5.13685
20570000 5.13536
20580000 5.13402
20590000 5.13247
20600000 5.13057
20610000 5.12888
20620000 5.12729
20630000 5.126
20640000 5.12492
20650000 5.12382
20660000 5.12325
20670000 5.12296
20680000 5.12265
20690000 5.12277
20700000 5.12288
20710000 5.123
20720000 5.12233
20730000 5.12103
20740000 5.11875
20750000 5.11674
20760000 5.11505
20770000 5.11315
20780000 5.11152
20790000 5.11011
20800000 5.10847
20810000 5.10683
20820000 5.10543
20830000 5.10429
20840000 5.10255
20850000 5.1002
20860000 5.09778
20870000 5.09572
20880000 5.09402
20890000 5.09243
20900000 5.09068
20910000 5.08933
20920000 5.08902
20930000 5.08946
20940000 5.08979
20950000 5.09025
20960000 5.09114
20970000 5.0917
20980000 5.09239
20990000 5.09324
21000000 5.09311
21010000 5.0927
21020000 5.09225
21030000 5.09205
21040000 5.09172
21050000 5.0916
21060000 5.09196
21070000 5.09207
21080000 5.09231
21090000 5.09208
21100000 5.09185
21110000 5.09215
21120000 5.09211
21130000 5.09227
21140000 5.09202
21150000 5.09182
21160000 5.09147
21170000 5.09147
21180000 5.09099
21190000 5.09113
21200000 5.09126
21210000 5.09127
21220000 5.09189
21230000 5.09227
21240000 5.09195
21250000 5.09093
21260000 5.09043
21270000 5.08982
21280000 5.0899
21290000 5.09006
21300000 5.09027
21310000 5.09058
21320000 5.09046
21330000 5.09004
21340000 5.08932
21350000 5.08946
21360000 5.08958
21370000 5.08959
21380000 5.08932
21390000 5.08889
21400000 5.08825
21410000 5.08723
21420000 5.08701
21430000 5.08739
21440000 5.08767
21450000 5.0872
21460000 5.08675
21470000 5.08684
21480000 5.08644
21490000 5.08698
21500000 5.08747
21510000 5.08801
21520000 5.08731
21530000 5.08634
21540000 5.08603
21550000 5.0862
21560000 5.08608
21570000 5.08549
21580000 5.08481
21590000 5.08443
21600000 5.08422
21610000 5.08431
21620000 5.0848
21630000 5.08576
21640000 5.08682
21650000 5.0879
21660000 5.08937
21670000 5.09122
21680000 5.09228
21690000 5.09235
21700000 5.09172
21710000 5.09075
21720000 5.08982
21730000 5.08899
21740000 5.08778
21750000 5.08683
21760000 5.08591
21770000 5.08527
21780000 5.08477
21790000 5.08412
21800000 5.08398
21810000 5.08428
21820000 5.08382
21830000 5.08378
21840000 5.08415
21850000 5.08583
21860000 5.08805
21870000 5.09042
21880000 5.0935
21890000 5.0962
21900000 5.09807
21910000 5.09972
21920000 5.10053
21930000 5.10147
21940000 5.10238
21950000 5.10325
21960000 5.10415
21970000 5.10541
21980000 5.10672
21990000 5.1075
22000000 5.1082
22010000 5.10879
22020000 5.10902
22030000 5.10922
22040000 5.10965
22050000 5.10964
22060000 5.11011
22070000 5.11067
22080000 5.11084
22090000 5.11119
22100000 5.11248
22110000 5.11344
22120000 5.11456
22130000 5.11524
22140000 5.11518
22150000 5.11482
22160000 5.11472
22170000 5.11505
22180000 5.11571
22190000 5.11621
22200000 5.11673
22210000 5.11665
22220000 5.1163
22230000 5.11626
22240000 5.11638
22250000 5.11618
22260000 5.11624
22270000 5.11613
22280000 5.11574
22290000 5.11503
22300000 5.11457
22310000 5.11421
22320000 5.11396
22330000 5.11338
22340000 5.11296
22350000 5.11268
22360000 5.11175
22370000 5.11069
22380000 5.10997
22390000 5.10985
22400000 5.10988
22410000 5.11041
22420000 5.11149
22430000 5.11276
22440000 5.11424
22450000 5.11528
22460000 5.11604
22470000 5.11662
22480000 5.11697
22490000 5.11732
22500000 5.11727
22510000 5.11734
22520000 5.11736
22530000 5.11773
22540000 5.11898
22550000 5.12018
22560000 5.12063
22570000 5.12065
22580000 5.12077
22590000 5.1212
22600000 5.12227
22610000 5.12382
22620000 5.12518
22630000 5.12705
22640000 5.12909
22650000 5.132
22660000 5.13455
22670000 5.13639
22680000 5.13764
22690000 5.13911
22700000 5.1413
22710000 5.14322
22720000 5.14517
22730000 5.1465
22740000 5.14788
22750000 5.14822
22760000 5.14828
22770000 5.14879
22780000 5.14844
22790000 5.14801
22800000 5.14784
22810000 5.14807
22820000 5.14852
22830000 5.14914
22840000 5.14954
22850000 5.15023
22860000 5.15022
22870000 5.15035
22880000 5.15063
22890000 5.1507
22900000 5.15035
22910000 5.14953
22920000 5.14832
22930000 5.14667
22940000 5.14489
22950000 5.14428
22960000 5.14411
22970000 5.14313
22980000 5.14165
22990000 5.13995
23000000 5.13839
23010000 5.13664
23020000 5.13546
23030000 5.13464
23040000 5.13448
23050000 5.13389
23060000 5.13294
23070000 5.13188
23080000 5.13052
23090000 5.12872
23100000 5.12763
23110000 5.12746
23120000 5.1275
23130000 5.12716
23140000 5.127
23150000 5.12648
23160000 5.1261
23170000 5.1262
23180000 5.12644
23190000 5.12672
23200000 5.1274
23210000 5.12839
23220000 5.12992
23230000 5.13104
23240000 5.13222
23250000 5.13323
23260000 5.13497
23270000 5.136
23280000 5.13647
23290000 5.13737
23300000 5.1391
23310000 5.14132
23320000 5.14451
23330000 5.14747
23340000 5.1499
23350000 5.15239
23360000 5.15493
23370000 5.15726
23380000 5.1594
23390000 5.1609
23400000 5.16217
23410000 5.16304
23420000 5.16384
23430000 5.16441
23440000 5.16508
23450000 5.16586
23460000 5.16692
23470000 5.16755
23480000 5.16834
23490000 5.16907
23500000 5.16932
23510000 5.16908
23520000 5.16898
23530000 5.16879
23540000 5.16766
23550000 5.16711
23560000 5.16694
23570000 5.16647
23580000 5.16623
23590000 5.16709
23600000 5.16895
23610000 5.17123
23620000 5.17295
23630000 5.17482
23640000 5.17622
23650000 5.1774
23660000 5.17846
23670000 5.17996
23680000 5.18152
23690000 5.18354
23700000 5.18502
23710000 5.18651
23720000 5.18776
23730000 5.18888
23740000 5.19043
23750000 5.19293
23760000 5.19522
23770000 5.1975
23780000 5.19991
23790000 5.20259
23800000 5.20467
23810000 5.20613
23820000 5.20695
23830000 5.20821
23840000 5.20902
23850000 5.2094
23860000 5.20973
23870000 5.21008
23880000 5.21042
23890000 5.2102
23900000 5.20971
23910000 5.20924
23920000 5.20895
23930000 5.2089
23940000 5.20872
23950000 5.20809
23960000 5.20693
23970000 5.20577
23980000 5.2051
23990000 5.20482
24000000 5.20409
24010000 5.20351
24020000 5.20318
24030000 5.203
24040000 5.20296
24050000 5.20251
24060000 5.20247
24070000 5.20258
24080000 5.20276
24090000 5.20362
24100000 5.20462
24110000 5.20488
24120000 5.20502
24130000 5.20553
24140000 5.20601
24150000 5.20602
24160000 5.20565
24170000 5.20505
24180000 5.2049
24190000 5.20525
24200000 5.20605
24210000 5.20622
24220000 5.20669
24230000 5.20752
24240000 5.20875
24250000 5.20963
24260000 5.21113
24270000 5.21303
24280000 5.21465
24290000 5.216
24300000 5.21759
24310000 5.21903
24320000 5.22137
24330000 5.22406
24340000 5.22628
24350000 5.22813
24360000 5.22947
24370000 5.23056
24380000 5.23151
24390000 5.23275
24400000 5.23466
24410000 5.23622
24420000 5.23698
24430000 5.2376
24440000 5.23848
24450000 5.2394
24460000 5.24024
24470000 5.24145
24480000 5.24331
24490000 5.24485
24500000 5.24543
24510000 5.24554
24520000 5.24568
24530000 5.2461
24540000 5.24679
24550000 5.24744
24560000 5.24864
24570000 5.24973
24580000 5.25129
24590000 5.25272
24600000 5.25392
24610000 5.25467
24620000 5.25572
24630000 5.25694
24640000 5.25793
24650000 5.25924
24660000 5.26062
24670000 5.2621
24680000 5.26349
24690000 5.26406
24700000 5.26451
24710000 5.26462
24720000 5.26494
24730000 5.26513
24740000 5.2642
24750000 5.26275
24760000 5.26153
24770000 5.26083
24780000 5.26006
24790000 5.25913
24800000 5.25822
24810000 5.25711
24820000 5.25651
24830000 5.25605
24840000 5.25542
24850000 5.25495
24860000 5.25448
24870000 5.25356
24880000 5.25364
24890000 5.25443
24900000 5.25543
24910000 5.2563
24920000 5.25705
24930000 5.2578
24940000 5.25838
24950000 5.25879
24960000 5.25886
24970000 5.25862
24980000 5.25856
24990000 5.25892
25000000 5.25925
25010000 5.26012
25020000 5.26088
25030000 5.26138
25040000 5.26224
25050000 5.26309
25060000 5.26357
25070000 5.26454
25080000 5.2657
25090000 5.2667
25100000 5.2673
25110000 5.26741
25120000 5.26811
25130000 5.26893
25140000 5.26903
25150000 5.2691
25160000 5.26977
25170000 5.2698
25180000 5.2695
25190000 5.26953
25200000 5.26934
25210000 5.26904
25220000 5.26819
25230000 5.26769
25240000 5.26659
25250000 5.26545
25260000 5.26494
25270000 5.26535
25280000 5.26597
25290000 5.26631
25300000 5.2661
25310000 5.26621
25320000 5.26633
25330000 5.2667
25340000 5.26707
25350000 5.26703
25360000 5.26738
25370000 5.26714
25380000 5.26717
25390000 5.26706
25400000 5.26647
25410000 5.26593
25420000 5.26566
25430000 5.26497
25440000 5.26418
25450000 5.26353
25460000 5.26263
25470000 5.26145
25480000 5.25996
25490000 5.25879
25500000 5.25735
25510000 5.25572
25520000 5.25409
25530000 5.25329
25540000 5.25308
25550000 5.25346
25560000 5.25407
25570000 5.25422
25580000 5.25399
25590000 5.2548
25600000 5.25586
25610000 5.25676
25620000 5.25756
25630000 5.25823
25640000 5.25911
25650000 5.25981
25660000 5.25997
25670000 5.25955
25680000 5.25854
25690000 5.25729
25700000 5.25616
25710000 5.255
25720000 5.25321
25730000 5.25166
25740000 5.24996
25750000 5.24868
25760000 5.24764
25770000 5.24578
25780000 5.24409
25790000 5.24243
25800000 5.24087
25810000 5.23915
25820000 5.23759
25830000 5.23626
25840000 5.23463
25850000 5.23226
25860000 5.22957
25870000 5.22683
25880000 5.2244
25890000 5.22311
25900000 5.22255
25910000 5.22138
25920000 5.21946
25930000 5.21689
25940000 5.2146
25950000 5.21248
25960000 5.21113
25970000 5.21035
25980000 5.21008
25990000 5.20973
26000000 5.20895
26010000 5.208
26020000 5.20783
26030000 5.20857
26040000 5.21049
26050000 5.21309
26060000 5.2157
26070000 5.21819
26080000 5.2208
26090000 5.22386
26100000 5.22646
26110000 5.22923
26120000 5.2319
26130000 5.23439
26140000 5.23687
26150000 5.23921
26160000 5.24206
26170000 5.24504
26180000 5.24772
26190000 5.25029
26200000 5.25292
26210000 5.25536
26220000 5.25756
26230000 5.25993
26240000 5.26227
26250000 5.2647
26260000 5.26631
26270000 5.26741
26280000 5.26926
26290000 5.27096
26300000 5.27211
26310000 5.27296
26320000 5.27325
26330000 5.27434
26340000 5.27619
26350000 5.27712
26360000 5.27803
26370000 5.27907
26380000 5.27984
26390000 5.2802
26400000 5.28004
26410000 5.27979
26420000 5.27936
26430000 5.27924
26440000 5.27899
26450000 5.27914
26460000 5.2789
26470000 5.27898
26480000 5.27925
26490000 5.27994
26500000 5.28112
26510000 5.28231
26520000 5.28335
26530000 5.28431
26540000 5.28489
26550000 5.28526
26560000 5.28612
26570000 5.28753
26580000 5.28939
26590000 5.29121
26600000 5.29307
26610000 5.29567
26620000 5.29789
26630000 5.30002
26640000 5.30227
26650000 5.30505
26660000 5.30784
26670000 5.31048
26680000 5.31282
26690000 5.31441
26700000 5.3162
26710000 5.31851
26720000 5.32079
26730000 5.32259
26740000 5.32353
26750000 5.32475
26760000 5.32628
26770000 5.32794
26780000 5.32928
26790000 5.33097
26800000 5.33245
26810000 5.33402
26820000 5.33558
26830000 5.33718
26840000 5.33866
26850000 5.34006
26860000 5.34121
26870000 5.34207
26880000 5.34285
26890000 5.34307
26900000 5.34273
26910000 5.34267
26920000 5.34269
26930000 5.34273
26940000 5.34314
26950000 5.34324
26960000 5.34339
26970000 5.34342
26980000 5.34263
26990000 5.34177
27000000 5.34103
27010000 5.33977
27020000 5.33878
27030000 5.33813
27040000 5.33673
27050000 5.33495
27060000 5.33298
27070000 5.33117
27080000 5.32992
27090000 5.32882
27100000 5.3281
27110000 5.32725
27120000 5.32661
27130000 5.32567
27140000 5.32443
27150000 5.32349
27160000 5.32247
27170000 5.32131
27180000 5.31988
27190000 5.31915
27200000 5.31842
27210000 5.31776
27220000 5.31719
27230000 5.31617
27240000 5.31523
27250000 5.31438
27260000 5.3139
27270000 5.3127
27280000 5.31152
27290000 5.31077
27300000 5.31033
27310000 5.31056
27320000 5.31102
27330000 5.31133
27340000 5.31207
27350000 5.31304
27360000 5.31399
27370000 5.3153
27380000 5.3166
27390000 5.31747
27400000 5.31842
27410000 5.31914
27420000 5.31987
27430000 5.32029
27440000 5.32104
27450000 5.32196
27460000 5.32265
27470000 5.32283
27480000 5.32308
27490000 5.32335
27500000 5.32323
27510000 5.32267
27520000 5.32225
27530000 5.32184
27540000 5.32175
27550000 5.32172
27560000 5.32219
27570000 5.32351
27580000 5.32499
27590000 5.3265
27600000 5.32739
27610000 5.32796
27620000 5.32864
27630000 5.32936
27640000 5.3301
27650000 5.33079
27660000 5.33154
27670000 5.33216
27680000 5.33338
27690000 5.33425
27700000 5.33523
27710000 5.33688
27720000 5.33835
27730000 5.33945
27740000 5.34034
27750000 5.34122
27760000 5.34194
27770000 5.34263
27780000 5.34349
27790000 5.34418
27800000 5.34435
27810000 5.34365
27820000 5.34245
27830000 5.3422
27840000 5.34267
27850000 5.34346
27860000 5.34449
27870000 5.34579
27880000 5.34794
27890000 5.35045
27900000 5.35285
27910000 5.35432
27920000 5.3554
27930000 5.35658
27940000 5.35739
27950000 5.35811
27960000 5.35851
27970000 5.35845
27980000 5.35821
27990000 5.3581
28000000 5.3578
28010000 5.35661
28020000 5.3551
28030000 5.353
28040000 5.35036
28050000 5.34741
28060000 5.34404
28070000 5.34004
28080000 5.33631
28090000 5.33346
28100000 5.33089
28110000 5.32853
28120000 5.32613
28130000 5.32384
28140000 5.32202
28150000 5.32011
28160000 5.31789
28170000 5.31599
28180000 5.31406
28190000 5.31198
28200000 5.31009
28210000 5.30795
28220000 5.30564
28230000 5.303
28240000 5.30033
28250000 5.29799
28260000 5.2964
28270000 5.2945
28280000 5.29197
28290000 5.28996
28300000 5.28829
28310000 5.2865
28320000 5.28447
28330000 5.28215
28340000 5.28051
28350000 5.27866
28360000 5.27678
28370000 5.27509
28380000 5.27359
28390000 5.27241
28400000 5.27221
28410000 5.2721
28420000 5.27235
28430000 5.27251
28440000 5.27284
28450000 5.27241
28460000 5.27168
28470000 5.2708
28480000 5.27047
28490000 5.27061
28500000 5.27203
28510000 5.2734
28520000 5.27489
28530000 5.27654
28540000 5.27775
28550000 5.27949
28560000 5.28137
28570000 5.28312
28580000 5.28429
28590000 5.28647
28600000 5.28816
28610000 5.28924
28620000 5.28985
28630000 5.29066
28640000 5.29125
28650000 5.29238
28660000 5.29398
28670000 5.29532
28680000 5.29669
28690000 5.29837
28700000 5.3002
28710000 5.30238
28720000 5.30408
28730000 5.30608
28740000 5.30876
28750000 5.31182
28760000 5.31524
28770000 5.31808
28780000 5.32078
28790000 5.32305
28800000 5.32512
28810000 5.327
28820000 5.32878
28830000 5.33019
28840000 5.33165
28850000 5.33224
28860000 5.33297
28870000 5.3339
28880000 5.33481
28890000 5.33631
28900000 5.33753
28910000 5.33882
28920000 5.34025
28930000 5.34191
28940000 5.34294
28950000 5.3436
28960000 5.34427
28970000 5.34514
28980000 5.34567
28990000 5.34667
29000000 5.34769
29010000 5.34823
29020000 5.34906
29030000 5.34976
29040000 5.35043
29050000 5.35142
29060000 5.35213
29070000 5.35201
29080000 5.35173
29090000 5.35156
29100000 5.3517
29110000 5.35179
29120000 5.35204
29130000 5.35291
29140000 5.35379
29150000 5.35487
29160000 5.35564
29170000 5.3561
29180000 5.35633
29190000 5.35622
29200000 5.35597
29210000 5.35584
29220000 5.35599
29230000 5.35596
29240000 5.35584
29250000 5.35523
29260000 5.35418
29270000 5.35333
29280000 5.35278
29290000 5.35288
29300000 5.35278
29310000 5.35221
29320000 5.35202
29330000 5.35119
29340000 5.35071
29350000 5.35088
29360000 5.35143
29370000 5.35215
29380000 5.3532
29390000 5.3548
29400000 5.356
29410000 5.35735
29420000 5.35909
29430000 5.36112
29440000 5.36284
29450000 5.36377
29460000 5.36416
29470000 5.36512
29480000 5.36682
29490000 5.36835
29500000 5.3694
29510000 5.37072
29520000 5.37262
29530000 5.37479
29540000 5.37644
29550000 5.37831
29560000 5.3799
29570000 5.38141
29580000 5.38332
29590000 5.38466
29600000 5.38643
29610000 5.38756
29620000 5.38866
29630000 5.38906
29640000 5.3894
29650000 5.38993
29660000 5.39038
29670000 5.39079
29680000 5.39151
29690000 5.39217
29700000 5.39315
29710000 5.3942
29720000 5.39523
29730000 5.39572
29740000 5.39544
29750000 5.39524
29760000 5.395
29770000 5.39417
29780000 5.39344
29790000 5.39279
29800000 5.39232
29810000 5.39125
29820000 5.39031
29830000 5.38918
29840000 5.38858
29850000 5.38863
29860000 5.38848
29870000 5.38847
29880000 5.38885
29890000 5.38887
29900000 5.38837
29910000 5.38777
29920000 5.38771
29930000 5.38821
29940000 5.3887
29950000 5.38919
29960000 5.38927
29970000 5.38952
29980000 5.38974
29990000 5.39005
30000000 5.38996
30010000 5.39045
30020000 5.39036
30030000 5.39003
30040000 5.3902
30050000 5.39015
30060000 5.39058
30070000 5.3913
30080000 5.39182
30090000 5.39147
30100000 5.39139
30110000 5.39227
30120000 5.39349
30130000 5.39451
30140000 5.39492
30150000 5.39541
30160000 5.39562
30170000 5.39582
30180000 5.39581
30190000 5.39562
30200000 5.39569
30210000 5.39553
30220000 5.39604
30230000 5.39716
30240000 5.39844
30250000 5.40006
30260000 5.40084
30270000 5.40083
30280000 5.40037
30290000 5.4001
30300000 5.39944
30310000 5.39899
30320000 5.3987
30330000 5.39883
30340000 5.39946
30350000 5.4003
30360000 5.40138
30370000 5.402
30380000 5.40265
30390000 5.40335
30400000 5.40465
30410000 5.40647
30420000 5.40915
30430000 5.41223
30440000 5.41543
30450000 5.41798
30460000 5.42071
30470000 5.42307
30480000 5.42506
30490000 5.42744
30500000 5.42976
30510000 5.43188
30520000 5.43404
30530000 5.43644
30540000 5.43894
30550000 5.44255
30560000 5.44656
30570000 5.45014
30580000 5.45352
30590000 5.45653
30600000 5.45962
30610000 5.46258
30620000 5.46563
30630000 5.46886
30640000 5.47204
30650000 5.47561
30660000 5.47807
30670000 5.48058
30680000 5.4832
30690000 5.4858
30700000 5.48866
30710000 5.49105
30720000 5.49354
30730000 5.49629
30740000 5.49921
30750000 5.50204
30760000 5.50428
30770000 5.50625
30780000 5.50803
30790000 5.50951
30800000 5.51136
30810000 5.51375
30820000 5.51594
30830000 5.51799
30840000 5.52002
30850000 5.52245
30860000 5.52463
30870000 5.5269
30880000 5.52872
30890000 5.53058
30900000 5.53363
30910000 5.53612
30920000 5.53792
30930000 5.53903
30940000 5.5402
30950000 5.54098
30960000 5.5416
30970000 5.54228
30980000 5.54232
30990000 5.54278
31000000 5.5443
31010000 5.546
31020000 5.54759
31030000 5.54901
31040000 5.55093
31050000 5.55217
31060000 5.55251
31070000 5.55277
31080000 5.55329
31090000 5.55507
31100000 5.55721
31110000 5.55845
31120000 5.55955
31130000 5.56046
31140000 5.56145
31150000 5.56252
31160000 5.56361
31170000 5.56441
31180000 5.56517
31190000 5.5665
31200000 5.56786
31210000 5.56896
31220000 5.56968
31230000 5.56978
31240000 5.56978
31250000 5.56986
31260000 5.56966
31270000 5.57007
31280000 5.57053
31290000 5.57113
31300000 5.57205
31310000 5.57257
31320000 5.57311
31330000 5.57332
31340000 5.57364
31350000 5.573
31360000 5.57246
31370000 5.57175
31380000 5.57079
31390000 5.5698
31400000 5.56876
31410000 5.56719
31420000 5.56539
31430000 5.56381
31440000 5.56245
31450000 5.56145
31460000 5.56025
31470000 5.55877
31480000 5.55727
31490000 5.55567
31500000 5.55405
31510000 5.55217
31520000 5.55148
31530000 5.55095
31540000 5.54973
31550000 5.54806
31560000 5.54688
31570000 5.54611
31580000 5.54497
31590000 5.54396
31600000 5.54279
31610000 5.54159
31620000 5.54005
31630000 5.53819
31640000 5.53627
31650000 5.53483
31660000 5.5329
31670000 5.53122
31680000 5.53048
31690000 5.53004
31700000 5.52994
31710000 5.52954
31720000 5.52882
31730000 5.52885
31740000 5.52888
31750000 5.52891
31760000 5.52909
31770000 5.5296
31780000 5.52978
31790000 5.53065
31800000 5.53108
31810000 5.53093
31820000 5.53134
31830000 5.53162
31840000 5.53142
31850000 5.52992
31860000 5.52796
31870000 5.52564
31880000 5.52307
31890000 5.52119
31900000 5.52021
31910000 5.51903
31920000 5.5186
31930000 5.51847
31940000 5.51843
31950000 5.51805
31960000 5.51727
31970000 5.51652
31980000 5.51556
31990000 5.51527
32000000 5.51577
32010000 5.51656
32020000 5.51743
32030000 5.51889
32040000 5.52058
32050000 5.52235
32060000 5.52347
32070000 5.52376
32080000 5.52462
32090000 5.52531
32100000 5.52516
32110000 5.52502
32120000 5.52504
32130000 5.5252
32140000 5.52563
32150000 5.52644
32160000 5.52685
32170000 5.52747
32180000 5.5283
32190000 5.52959
32200000 5.53053
32210000 5.53135
32220000 5.53294
32230000 5.53468
32240000 5.53595
32250000 5.5371
32260000 5.53792
32270000 5.53867
32280000 5.53965
32290000 5.54014
32300000 5.54065
32310000 5.5415
32320000 5.54217
32330000 5.54336
32340000 5.54517
32350000 5.5476
32360000 5.54983
32370000 5.55221
32380000 5.55437
32390000 5.55633
32400000 5.55814
32410000 5.56026
32420000 5.56162
32430000 5.56245
32440000 5.56284
32450000 5.56346
32460000 5.56477
32470000 5.56673
32480000 5.56811
32490000 5.56948
32500000 5.57111
32510000 5.57213
32520000 5.57254
32530000 5.57261
32540000 5.57244
32550000 5.5721
32560000 5.57178
32570000 5.57166
32580000 5.5717
32590000 5.57177
32600000 5.57134
32610000 5.57059
32620000 5.56977
32630000 5.56831
32640000 5.56675
32650000 5.56431
32660000 5.56188
32670000 5.55964
32680000 5.5578
32690000 5.55593
32700000 5.55392
32710000 5.55216
32720000 5.55055
32730000 5.54964
32740000 5.54817
32750000 5.54693
32760000 5.54551
32770000 5.5436
32780000 5.54221
32790000 5.54089
32800000 5.54
32810000 5.53871
32820000 5.5368
32830000 5.5346
32840000 5.5323
32850000 5.52957
32860000 5.52702
32870000 5.52482
32880000 5.52214
32890000 5.51982
32900000 5.51807
32910000 5.51654
32920000 5.51577
32930000 5.51577
32940000 5.51587
32950000 5.51514
32960000 5.51461
32970000 5.51438
32980000 5.51456
32990000 5.51455
33000000 5.51494
33010000 5.5157
33020000 5.51647
33030000 5.51708
33040000 5.51719
33050000 5.51751
33060000 5.51752
33070000 5.51765
33080000 5.51771
33090000 5.51826
33100000 5.51854
33110000 5.51836
33120000 5.51858
33130000 5.51829
33140000 5.51801
33150000 5.51748
33160000 5.51745
33170000 5.51748
33180000 5.51749
33190000 5.51698
33200000 5.51619
33210000 5.515
33220000 5.514
33230000 5.51316
33240000 5.51233
33250000 5.51126
33260000 5.50971
33270000 5.50858
33280000 5.50736
33290000 5.50635
33300000 5.50488
33310000 5.50277
33320000 5.50004
33330000 5.49778
33340000 5.49604
33350000 5.49404
33360000 5.49155
33370000 5.48924
33380000 5.48761
33390000 5.48601
33400000 5.48443
33410000 5.48294
33420000 5.48219
33430000 5.48133
33440000 5.48048
33450000 5.4795
33460000 5.47838
33470000 5.47736
33480000 5.47636
33490000 5.47584
33500000 5.47595
33510000 5.47591
33520000 5.47563
33530000 5.47523
33540000 5.47567
33550000 5.47563
33560000 5.47532
33570000 5.4751
33580000 5.47503
33590000 5.47448
33600000 5.47395
33610000 5.47369
33620000 5.47355
33630000 5.47347
33640000 5.47378
33650000 5.47464
33660000 5.47586
33670000 5.47693
33680000 5.47794
33690000 5.47871
33700000 5.48013
33710000 5.48124
33720000 5.48257
33730000 5.48365
33740000 5.48496
33750000 5.48571
33760000 5.48712
33770000 5.48904
33780000 5.49062
33790000 5.49131
33800000 5.49246
33810000 5.4941
33820000 5.49611
33830000 5.49764
33840000 5.50002
33850000 5.50295
33860000 5.50557
33870000 5.50799
33880000 5.50953
33890000 5.51107
33900000 5.51266
33910000 5.51419
33920000 5.51586
33930000 5.51747
33940000 5.51914
33950000 5.52122
33960000 5.52374
33970000 5.52599
33980000 5.52818
33990000 5.53081
34000000 5.53391
34010000 5.53695
34020000 5.5403
34030000 5.54374
34040000 5.54734
34050000 5.55086
34060000 5.55399
34070000 5.55637
34080000 5.55882
34090000 5.56141
34100000 5.56339
34110000 5.56604
34120000 5.56902
34130000 5.5713
34140000 5.57303
34150000 5.57474
34160000 5.57699
34170000 5.57912
34180000 5.58115
34190000 5.5827
34200000 5.58398
34210000 5.586
34220000 5.58761
34230000 5.58956
34240000 5.59076
34250000 5.59199
34260000 5.59272
34270000 5.5929
34280000 5.59323
34290000 5.59382
34300000 5.59485
34310000 5.59574
34320000 5.59634
34330000 5.59644
34340000 5.5967
34350000 5.5973
34360000 5.59862
34370000 5.60076
34380000 5.60252
34390000 5.6034
34400000 5.60371
34410000 5.60419
34420000 5.60466
34430000 5.60559
34440000 5.60579
34450000 5.60554
34460000 5.60529
34470000 5.60453
34480000 5.60389
34490000 5.60405
34500000 5.6045
34510000 5.60491
34520000 5.60566
34530000 5.60641
34540000 5.60724
34550000 5.60818
34560000 5.60854
34570000 5.60822
34580000 5.60739
34590000 5.60641
34600000 5.60497
34610000 5.6034
34620000 5.60203
34630000 5.60065
34640000 5.59939
34650000 5.59871
34660000 5.59732
34670000 5.59545
34680000 5.59368
34690000 5.59234
34700000 5.59232
34710000 5.59187
34720000 5.5916
34730000 5.59174
34740000 5.59324
34750000 5.59491
34760000 5.59728
34770000 5.59977
34780000 5.60234
34790000 5.60452
34800000 5.60642
34810000 5.60855
34820000 5.61049
34830000 5.61165
34840000 5.61368
34850000 5.6155
34860000 5.6174
34870000 5.61928
34880000 5.62049
34890000 5.62151
34900000 5.62224
34910000 5.62308
34920000 5.62384
34930000 5.62518
34940000 5.62747
34950000 5.62932
34960000 5.63124
34970000 5.63339
34980000 5.63524
34990000 5.6371
35000000 5.6392
35010000 5.64003
35020000 5.64047
35030000 5.64099
35040000 5.64171
35050000 5.64226
35060000 5.64318
35070000 5.64388
35080000 5.64488
35090000 5.64642
35100000 5.64857
35110000 5.65073
35120000 5.6522
35130000 5.65369
35140000 5.65587
35150000 5.65802
35160000 5.65998
35170000 5.66167
35180000 5.66397
35190000 5.66659
35200000 5.66901
35210000 5.67143
35220000 5.67511
35230000 5.67847
35240000 5.68148
35250000 5.68459
35260000 5.68786
35270000 5.6912
35280000 5.69411
35290000 5.69717
35300000 5.70017
35310000 5.70277
35320000 5.7054
35330000 5.70793
35340000 5.71022
35350000 5.71211
35360000 5.71432
35370000 5.71718
35380000 5.71935
35390000 5.72129
35400000 5.72342
35410000 5.72546
35420000 5.7275
35430000 5.72987
35440000 5.73217
35450000 5.73393
35460000 5.73497
35470000 5.73627
35480000 5.73754
35490000 5.73848
35500000 5.73967
35510000 5.74144
35520000 5.7429
35530000 5.74355
35540000 5.74395
35550000 5.74417
35560000 5.74429
35570000 5.74388
35580000 5.74365
35590000 5.74266
35600000 5.74167
35610000 5.74104
35620000 5.74004
35630000 5.73866
35640000 5.73672
35650000 5.73436
35660000 5.7322
35670000 5.73093
35680000 5.73036
35690000 5.73039
35700000 5.73058
35710000 5.73087
35720000 5.73174
35730000 5.73243
35740000 5.73267
35750000 5.73267
35760000 5.73246
35770000 5.73331
35780000 5.73395
35790000 5.73458
35800000 5.73474
35810000 5.73434
35820000 5.73374
35830000 5.73291
35840000 5.73249
35850000 5.73239
35860000 5.73299
35870000 5.73334
35880000 5.73346
35890000 5.73318
35900000 5.7332
35910000 5.73368
35920000 5.73466
35930000 5.73615
35940000 5.73811
35950000 5.73975
35960000 5.74043
35970000 5.74149
35980000 5.7429
35990000 5.74518
36000000 5.74724
36010000 5.74862
36020000 5.74972
36030000 5.75106
36040000 5.7519
36050000 5.75187
36060000 5.75142
36070000 5.75022
36080000 5.749
36090000 5.74754
36100000 5.74663
36110000 5.74625
36120000 5.74555
36130000 5.74527
36140000 5.7453
36150000 5.74532
36160000 5.74459
36170000 5.74368
36180000 5.74224
36190000 5.74093
36200000 5.73983
36210000 5.7389
36220000 5.73779
36230000 5.73612
36240000 5.73383
36250000 5.73186
36260000 5.73044
36270000 5.72954
36280000 5.72806
36290000 5.72679
36300000 5.72611
36310000 5.72518
36320000 5.72423
36330000 5.72273
36340000 5.72048
36350000 5.71926
36360000 5.71844
36370000 5.71761
36380000 5.71719
36390000 5.71746
36400000 5.71775
36410000 5.71741
36420000 5.71685
36430000 5.71653
36440000 5.71647
36450000 5.71614
36460000 5.71597
36470000 5.71597
36480000 5.71565
36490000 5.71506
36500000 5.71501
36510000 5.71551
36520000 5.71676
36530000 5.71831
36540000 5.71996
36550000 5.72151
36560000 5.72283
36570000 5.72364
36580000 5.72416
36590000 5.72466
36600000 5.72498
36610000 5.72492
36620000 5.72496
36630000 5.72477
36640000 5.72475
36650000 5.7244
36660000 5.72352
36670000 5.72236
36680000 5.72086
36690000 5.71962
36700000 5.71873
36710000 5.71753
36720000 5.71685
36730000 5.71695
36740000 5.71772
36750000 5.71867
36760000 5.71935
36770000 5.71968
36780000 5.7198
36790000 5.71951
36800000 5.71958
36810000 5.71959
36820000 5.71956
36830000 5.71973
36840000 5.71974
36850000 5.7199
36860000 5.72083
36870000 5.7221
36880000 5.72315
36890000 5.72429
36900000 5.7256
36910000 5.72652
36920000 5.72754
36930000 5.72847
36940000 5.72876
36950000 5.72873
36960000 5.72866
36970000 5.72885
36980000 5.72947
36990000 5.73042
37000000 5.73153
37010000 5.7323
37020000 5.73282
37030000 5.7327
37040000 5.7328
37050000 5.7332
37060000 5.7337
37070000 5.73392
37080000 5.73347
37090000 5.73324
37100000 5.73313
37110000 5.73334
37120000 5.73343
37130000 5.7346
37140000 5.73595
37150000 5.73693
37160000 5.73753
37170000 5.73828
37180000 5.73882
37190000 5.73945
37200000 5.74015
37210000 5.74091
37220000 5.74179
37230000 5.74313
37240000 5.74407
37250000 5.74403
37260000 5.74324
37270000 5.74308
37280000 5.74338
37290000 5.74308
37300000 5.74262
37310000 5.74219
37320000 5.74153
37330000 5.74048
37340000 5.73901
37350000 5.73735
37360000 5.73581
37370000 5.73418
37380000 5.73264
37390000 5.73129
37400000 5.72975
37410000 5.72859
37420000 5.72717
37430000 5.72616
37440000 5.72525
37450000 5.72483
37460000 5.72502
37470000 5.7251
37480000 5.72509
37490000 5.72513
37500000 5.72524
37510000 5.72511
37520000 5.72504
37530000 5.72468
37540000 5.72486
37550000 5.72486
37560000 5.72383
37570000 5.72275
37580000 5.72154
37590000 5.72022
37600000 5.71867
37610000 5.71766
37620000 5.71737
37630000 5.71711
37640000 5.71743
37650000 5.71739
37660000 5.71702
37670000 5.71679
37680000 5.71583
37690000 5.71486
37700000 5.71355
37710000 5.7118
37720000 5.70994
37730000 5.70842
37740000 5.70696
37750000 5.70536
37760000 5.70348
37770000 5.70243
37780000 5.70144
37790000 5.70089
37800000 5.70065
37810000 5.70038
37820000 5.7002
37830000 5.69994
37840000 5.69985
37850000 5.69946
37860000 5.69886
37870000 5.69817
37880000 5.69694
37890000 5.69517
37900000 5.69356
37910000 5.69224
37920000 5.69122
37930000 5.69027
37940000 5.68934
37950000 5.68849
37960000 5.68813
37970000 5.68799
37980000 5.68757
37990000 5.68726
38000000 5.68687
38010000 5.68694
38020000 5.68674
38030000 5.68692
38040000 5.68694
38050000 5.68708
38060000 5.68756
38070000 5.68859
38080000 5.68913
38090000 5.6894
38100000 5.6899
38110000 5.69057
38120000 5.69064
38130000 5.69044
38140000 5.69011
38150000 5.69062
38160000 5.69156
38170000 5.69273
38180000 5.69378
38190000 5.69529
38200000 5.69712
38210000 5.69941
38220000 5.70163
38230000 5.70462
38240000 5.70737
38250000 5.70944
38260000 5.71094
38270000 5.71274
38280000 5.71482
38290000 5.71679
38300000 5.71867
38310000 5.72052
38320000 5.7223
38330000 5.72452
38340000 5.72625
38350000 5.72786
38360000 5.72934
38370000 5.73042
38380000 5.73078
38390000 5.73086
38400000 5.73072
38410000 5.72988
38420000 5.72862
38430000 5.72738
38440000 5.72606
38450000 5.72471
38460000 5.7236
38470000 5.72293
38480000 5.7224
38490000 5.72198
38500000 5.72003
38510000 5.71838
38520000 5.71712
38530000 5.71569
38540000 5.71503
38550000 5.7141
38560000 5.71279
38570000 5.71167
38580000 5.71135
38590000 5.71081
38600000 5.7107
38610000 5.71106
38620000 5.71136
38630000 5.7113
38640000 5.71141
38650000 5.71124
38660000 5.71129
38670000 5.71191
38680000 5.71268
38690000 5.71345
38700000 5.71353
38710000 5.713
38720000 5.7123
38730000 5.7113
38740000 5.71
38750000 5.70862
38760000 5.70743
38770000 5.70627
38780000 5.70511
38790000 5.70424
38800000 5.70323
38810000 5.70256
38820000 5.70127
38830000 5.69999
38840000 5.69932
38850000 5.69925
38860000 5.69894
38870000 5.69787
38880000 5.69737
38890000 5.69646
38900000 5.69497
38910000 5.69342
38920000 5.69257
38930000 5.69225
38940000 5.69223
38950000 5.69191
38960000 5.6907
38970000 5.68919
38980000 5.68847
38990000 5.68771
39000000 5.68711
39010000 5.68628
39020000 5.68455
39030000 5.68294
39040000 5.68086
39050000 5.67845
39060000 5.67645
39070000 5.67505
39080000 5.67401
39090000 5.6732
39100000 5.67257
39110000 5.67222
39120000 5.67221
39130000 5.67186
39140000 5.67121
39150000 5.67065
39160000 5.67032
39170000 5.67017
39180000 5.66987
39190000 5.66973
39200000 5.66969
39210000 5.66967
39220000 5.66996
39230000 5.67076
39240000 5.67089
39250000 5.67059
39260000 5.67065
39270000 5.67007
39280000 5.66896
39290000 5.66813
39300000 5.66758
39310000 5.66729
39320000 5.66741
39330000 5.66838
39340000 5.6693
39350000 5.66948
39360000 5.66985
39370000 5.66972
39380000 5.66935
39390000 5.66861
39400000 5.66793
39410000 5.66706
39420000 5.6666
39430000 5.666
39440000 5.66568
39450000 5.66651
39460000 5.66841
39470000 5.67014
39480000 5.67126
39490000 5.67236
39500000 5.67363
39510000 5.67496
39520000 5.67574
39530000 5.67567
39540000 5.67521
39550000 5.67447
39560000 5.67402
39570000 5.67392
39580000 5.67339
39590000 5.67307
39600000 5.67186
39610000 5.67072
39620000 5.66933
39630000 5.66848
39640000 5.66795
39650000 5.66712
39660000 5.66604
39670000 5.66547
39680000 5.66433
39690000 5.66333
39700000 5.66209
39710000 5.66102
39720000 5.66024
39730000 5.65975
39740000 5.65985
39750000 5.66044
39760000 5.66083
39770000 5.6618
39780000 5.66301
39790000 5.66442
39800000 5.66594
39810000 5.66829
39820000 5.66991
39830000 5.67195
39840000 5.67364
39850000 5.67522
39860000 5.67738
39870000 5.67983
39880000 5.68189
39890000 5.68395
39900000 5.68581
39910000 5.68759
39920000 5.68953
39930000 5.69079
39940000 5.6917
39950000 5.69248
39960000 5.69398
39970000 5.69595
39980000 5.69758
39990000 5.69882
40000000 5.69956
40010000 5.69998
40020000 5.70027
40030000 5.70085
40040000 5.70147
40050000 5.7017
40060000 5.70133
40070000 5.70144
40080000 5.7028
40090000 5.70504
40100000 5.70748
40110000 5.71002
40120000 5.71162
40130000 5.71373
40140000 5.71628
40150000 5.71848
40160000 5.72086
40170000 5.72311
40180000 5.72532
40190000 5.72752
40200000 5.72983
40210000 5.73234
40220000 5.73448
40230000 5.73626
40240000 5.73823
40250000 5.73998
40260000 5.74201
40270000 5.7449
40280000 5.74758
40290000 5.75028
40300000 5.75298
40310000 5.75528
40320000 5.75763
40330000 5.76003
40340000 5.76282
40350000 5.76517
40360000 5.76685
40370000 5.76851
40380000 5.77005
40390000 5.77123
40400000 5.77194
40410000 5.77293
40420000 5.77378
40430000 5.7746
40440000 5.77516
40450000 5.77579
40460000 5.77637
40470000 5.77696
40480000 5.77761
40490000 5.77782
40500000 5.77766
40510000 5.77717
40520000 5.77634
40530000 5.77511
40540000 5.7741
40550000 5.77263
40560000 5.77102
40570000 5.76999
40580000 5.76899
40590000 5.76798
40600000 5.76697
40610000 5.76623
40620000 5.76552
40630000 5.76428
40640000 5.76263
40650000 5.76076
40660000 5.75981
40670000 5.75844
40680000 5.75684
40690000 5.75531
40700000 5.7534
40710000 5.75174
40720000 5.74991
40730000 5.74816
40740000 5.74618
40750000 5.74439
40760000 5.74262
40770000 5.74145
40780000 5.7402
40790000 5.739
40800000 5.73721
40810000 5.73485
40820000 5.73299
40830000 5.73091
40840000 5.72892
40850000 5.72697
40860000 5.72516
40870000 5.72319
40880000 5.72196
40890000 5.72084
40900000 5.71897
40910000 5.7175
40920000 5.71633
40930000 5.71505
40940000 5.71393
40950000 5.71356
40960000 5.71317
40970000 5.71317
40980000 5.714
40990000 5.71464
41000000 5.71544
41010000 5.71612
41020000 5.71657
41030000 5.71629
41040000 5.71545
41050000 5.71453
41060000 5.71433
41070000 5.71453
41080000 5.71488
41090000 5.71452
41100000 5.71362
41110000 5.71276
41120000 5.712
41130000 5.71119
41140000 5.71105
41150000 5.71077
41160000 5.71038
41170000 5.71012
41180000 5.71008
41190000 5.70899
41200000 5.70791
41210000 5.70756
41220000 5.70704
41230000 5.7061
41240000 5.70511
41250000 5.70413
41260000 5.70343
41270000 5.70245
41280000 5.70148
41290000 5.70073
41300000 5.69972
41310000 5.69863
41320000 5.69854
41330000 5.69841
41340000 5.69801
41350000 5.69779
41360000 5.69726
41370000 5.69715
41380000 5.69794
41390000 5.69896
41400000 5.69944
41410000 5.70058
41420000 5.70156
41430000 5.7023
41440000 5.70285
41450000 5.70337
41460000 5.70362
41470000 5.70339
41480000 5.7034
41490000 5.70314
41500000 5.70316
41510000 5.70364
41520000 5.7032
41530000 5.70296
41540000 5.70279
41550000 5.70307
41560000 5.70325
41570000 5.70328
41580000 5.70376
41590000 5.70359
41600000 5.70341
41610000 5.70351
41620000 5.70386
41630000 5.7047
41640000 5.70525
41650000 5.70514
41660000 5.70535
41670000 5.70588
41680000 5.70639
41690000 5.70703
41700000 5.70751
41710000 5.70838
41720000 5.70956
41730000 5.71001
41740000 5.7107
41750000 5.71103
41760000 5.71107
41770000 5.71059
41780000 5.70985
41790000 5.70882
41800000 5.70815
41810000 5.70758
41820000 5.70684
41830000 5.7061
41840000 5.70554
41850000 5.70497
41860000 5.70433
41870000 5.70402
41880000 5.70298
41890000 5.70129
41900000 5.69914
41910000 5.69749
41920000 5.69572
41930000 5.69373
41940000 5.69234
41950000 5.69161
41960000 5.69097
41970000 5.68995
41980000 5.68848
41990000 5.68666
42000000 5.68479
42010000 5.68284
42020000 5.68131
42030000 5.67871
42040000 5.67602
42050000 5.67349
42060000 5.67125
42070000 5.66925
42080000 5.66697
42090000 5.66461
42100000 5.66261
42110000 5.66102
42120000 5.65945
42130000 5.65857
42140000 5.65776
42150000 5.6566
42160000 5.6554
42170000 5.65359
42180000 5.65148
42190000 5.64955
42200000 5.64787
42210000 5.64695
42220000 5.64573
42230000 5.64477
42240000 5.64403
42250000 5.64316
42260000 5.64257
42270000 5.6422
42280000 5.64162
42290000 5.64144
42300000 5.64087
42310000 5.64017
42320000 5.63924
42330000 5.6375
42340000 5.6355
42350000 5.6334
42360000 5.63168
42370000 5.62968
42380000 5.62784
42390000 5.62577
42400000 5.62346
42410000 5.62048
42420000 5.61755
42430000 5.61515
42440000 5.613
42450000 5.61054
42460000 5.60809
42470000 5.60507
42480000 5.60285
42490000 5.60064
42500000 5.59824
42510000 5.5962
42520000 5.5945
42530000 5.59321
42540000 5.5919
42550000 5.59086
42560000 5.59016
42570000 5.58934
42580000 5.58804
42590000 5.58672
42600000 5.58569
42610000 5.58443
42620000 5.58366
42630000 5.58328
42640000 5.58328
42650000 5.5834
42660000 5.58318
42670000 5.58321
42680000 5.58292
42690000 5.58235
42700000 5.58187
42710000 5.58157
42720000 5.5815
42730000 5.5813
42740000 5.58203
42750000 5.58298
42760000 5.58402
42770000 5.58539
42780000 5.58626
42790000 5.58674
42800000 5.5866
42810000 5.58634
42820000 5.58685
42830000 5.58818
42840000 5.58997
42850000 5.59147
42860000 5.59308
42870000 5.59496
42880000 5.59734
42890000 5.5998
42900000 5.60149
42910000 5.60332
42920000 5.60455
42930000 5.60586
42940000 5.60725
42950000 5.6086
42960000 5.61005
42970000 5.61186
42980000 5.61356
42990000 5.6153
43000000 5.61675
43010000 5.6185
43020000 5.6202
43030000 5.62184
43040000 5.62345
43050000 5.6248
43060000 5.62675
43070000 5.62901
43080000 5.63141
43090000 5.63324
43100000 5.63539
43110000 5.63797
43120000 5.63951
43130000 5.64099
43140000 5.64226
43150000 5.64363
43160000 5.64487
43170000 5.64597
43180000 5.64693
43190000 5.64754
43200000 5.64807
43210000 5.64877
43220000 5.64959
43230000 5.65045
43240000 5.65128
43250000 5.65178
43260000 5.65268
43270000 5.6531
43280000 5.65393
43290000 5.65473
43300000 5.65551
43310000 5.65682
43320000 5.65882
43330000 5.6609
43340000 5.66257
43350000 5.66484
43360000 5.66765
43370000 5.67039
43380000 5.67225
43390000 5.67394
43400000 5.67606
43410000 5.67829
43420000 5.68022
43430000 5.68235
43440000 5.6843
43450000 5.68682
43460000 5.68913
43470000 5.69173
43480000 5.69399
43490000 5.6954
43500000 5.69642
43510000 5.69728
43520000 5.69798
43530000 5.69908
43540000 5.69928
43550000 5.6998
43560000 5.7002
43570000 5.70067
43580000 5.70079
43590000 5.70139
43600000 5.70136
43610000 5.70101
43620000 5.70062
43630000 5.69987
43640000 5.699
43650000 5.69843
43660000 5.69775
43670000 5.69642
43680000 5.69489
43690000 5.69401
43700000 5.69312
43710000 5.69244
43720000 5.69179
43730000 5.69143
43740000 5.69121
43750000 5.69102
43760000 5.69031
43770000 5.68962
43780000 5.68945
43790000 5.69026
43800000 5.6911
43810000 5.69212
43820000 5.69265
43830000 5.69312
43840000 5.69305
43850000 5.69323
43860000 5.69389
43870000 5.69504
43880000 5.69662
43890000 5.69846
43900000 5.70068
43910000 5.70318
43920000 5.70488
43930000 5.70619
43940000 5.70731
43950000 5.70787
43960000 5.70819
43970000 5.70896
43980000 5.70925
43990000 5.70881
44000000 5.70867
44010000 5.70924
44020000 5.70959
44030000 5.70953
44040000 5.70893
44050000 5.70772
44060000 5.70629
44070000 5.70493
44080000 5.70337
44090000 5.70092
44100000 5.69859
44110000 5.69601
44120000 5.69352
44130000 5.69185
44140000 5.69046
44150000 5.68934
44160000 5.68738
44170000 5.6856
44180000 5.6832
44190000 5.68076
44200000 5.67819
44210000 5.67482
44220000 5.67178
44230000 5.66804
44240000 5.66463
44250000 5.66164
44260000 5.6588
44270000 5.65571
44280000 5.65232
44290000 5.64923
44300000 5.64605
44310000 5.64296
44320000 5.63987
44330000 5.63664
44340000 5.63349
44350000 5.63035
44360000 5.62665
44370000 5.62241
44380000 5.61907
44390000 5.61618
44400000 5.61292
44410000 5.60964
44420000 5.60672
44430000 5.60343
44440000 5.60081
44450000 5.59892
44460000 5.59773
44470000 5.59637
44480000 5.59498
44490000 5.59313
44500000 5.59173
44510000 5.59035
44520000 5.58863
44530000 5.58692
44540000 5.58466
44550000 5.58235
44560000 5.5802
44570000 5.57897
44580000 5.5783
44590000 5.57779
44600000 5.57855
44610000 5.57964
44620000 5.5805
44630000 5.58149
44640000 5.58232
44650000 5.58287
44660000 5.58386
44670000 5.58526
44680000 5.58735
44690000 5.58971
44700000 5.59046
44710000 5.59136
44720000 5.5928
44730000 5.59366
44740000 5.5938
44750000 5.59406
44760000 5.59334
44770000 5.59271
44780000 5.5923
44790000 5.59282
44800000 5.5937
44810000 5.5943
44820000 5.59489
44830000 5.59575
44840000 5.59569
44850000 5.59553
44860000 5.59574
44870000 5.5958
44880000 5.59578
44890000 5.59576
44900000 5.59588
44910000 5.59585
44920000 5.59553
44930000 5.59507
44940000 5.59417
44950000 5.59407
44960000 5.59408
44970000 5.59468
44980000 5.5957
44990000 5.59669
45000000 5.5974
45010000 5.59869
45020000 5.60066
45030000 5.60223
45040000 5.60387
45050000 5.60536
45060000 5.60608
45070000 5.60617
45080000 5.60615
45090000 5.6057
45100000 5.60481
45110000 5.60357
45120000 5.60291
45130000 5.60237
45140000 5.60184
45150000 5.60164
45160000 5.60101
45170000 5.60061
45180000 5.59943
45190000 5.59749
45200000 5.5957
45210000 5.59402
45220000 5.59151
45230000 5.58905
45240000 5.58706
45250000 5.58523
45260000 5.58339
45270000 5.58125
45280000 5.57901
45290000 5.57684
45300000 5.57552
45310000 5.57448
45320000 5.57338
45330000 5.57243
45340000 5.57177
45350000 5.57174
45360000 5.57109
45370000 5.56955
45380000 5.56803
45390000 5.56639
45400000 5.56527
45410000 5.56389
45420000 5.56216
45430000 5.56028
45440000 5.55795
45450000 5.55546
45460000 5.55316
45470000 5.55042
45480000 5.54784
45490000 5.54589
45500000 5.54433
45510000 5.54285
45520000 5.54145
45530000 5.54057
45540000 5.53918
45550000 5.53751
45560000 5.53638
45570000 5.53622
45580000 5.53627
45590000 5.53655
45600000 5.53668
45610000 5.53637
45620000 5.53582
45630000 5.53544
45640000 5.53584
45650000 5.53674
45660000 5.5375
45670000 5.53768
45680000 5.53768
45690000 5.53699
45700000 5.53596
45710000 5.53472
45720000 5.53342
45730000 5.53207
45740000 5.53116
45750000 5.53043
45760000 5.53025
45770000 5.52969
45780000 5.52837
45790000 5.52725
45800000 5.52671
45810000 5.52678
45820000 5.52722
45830000 5.52823
45840000 5.52975
45850000 5.5312
45860000 5.53232
45870000 5.53412
45880000 5.53621
45890000 5.53801
45900000 5.53907
45910000 5.5401
45920000 5.54082
45930000 5.54097
45940000 5.54057
45950000 5.54019
45960000 5.53999
45970000 5.5392
45980000 5.53845
45990000 5.5371
46000000 5.53603
46010000 5.53546
46020000 5.53523
46030000 5.5345
46040000 5.53405
46050000 5.53367
46060000 5.53373
46070000 5.53484
46080000 5.53554
46090000 5.53623
46100000 5.53615
46110000 5.53581
46120000 5.53587
46130000 5.53556
46140000 5.5345
46150000 5.53334
46160000 5.53264
46170000 5.53166
46180000 5.53093
46190000 5.52983
46200000 5.52849
46210000 5.52705
46220000 5.52576
46230000 5.52493
46240000 5.52488
46250000 5.52443
46260000 5.52416
46270000 5.52402
46280000 5.52372
46290000 5.52362
46300000 5.52367
46310000 5.52432
46320000 5.52536
46330000 5.52587
46340000 5.52681
46350000 5.52797
46360000 5.52872
46370000 5.52947
46380000 5.52989
46390000 5.53016
46400000 5.5305
46410000 5.53117
46420000 5.5323
46430000 5.53326
46440000 5.53414
46450000 5.53469
46460000 5.53486
46470000 5.53424
46480000 5.53354
46490000 5.5327
46500000 5.53129
46510000 5.52924
46520000 5.52669
46530000 5.52395
46540000 5.52229
46550000 5.52072
46560000 5.51907
46570000 5.51742
46580000 5.51582
46590000 5.51448
46600000 5.51385
46610000 5.51283
46620000 5.51212
46630000 5.51199
46640000 5.51126
46650000 5.5106
46660000 5.51011
46670000 5.50985
46680000 5.51
46690000 5.51025
46700000 5.51066
46710000 5.51076
46720000 5.51032
46730000 5.50972
46740000 5.50902
46750000 5.50812
46760000 5.50695
46770000 5.50609
46780000 5.50544
46790000 5.50482
46800000 5.50427
46810000 5.50377
46820000 5.50339
46830000 5.5033
46840000 5.50323
46850000 5.50315
46860000 5.50226
46870000 5.50112
46880000 5.50084
46890000 5.50016
46900000 5.49924
46910000 5.49815
46920000 5.49733
46930000 5.49669
46940000 5.49666
46950000 5.49652
46960000 5.49605
46970000 5.49497
46980000 5.49333
46990000 5.49142
47000000 5.49
47010000 5.48865
47020000 5.48716
47030000 5.48622
47040000 5.48564
47050000 5.48507
47060000 5.48472
47070000 5.48484
47080000 5.48527
47090000 5.48588
47100000 5.48616
47110000 5.48641
47120000 5.48647
47130000 5.48619
47140000 5.48643
47150000 5.48684
47160000 5.48753
47170000 5.4881
47180000 5.48917
47190000 5.4896
47200000 5.48978
47210000 5.4898
47220000 5.49017
47230000 5.49054
47240000 5.49162
47250000 5.49321
47260000 5.4955
47270000 5.49757
47280000 5.49956
47290000 5.5018
47300000 5.50432
47310000 5.50652
47320000 5.50896
47330000 5.51208
47340000 5.51534
47350000 5.51875
47360000 5.52194
47370000 5.5247
47380000 5.52733
47390000 5.53037
47400000 5.53351
47410000 5.53624
47420000 5.53933
47430000 5.54188
47440000 5.54424
47450000 5.54661
47460000 5.54856
47470000 5.55005
47480000 5.55163
47490000 5.55343
47500000 5.55536
47510000 5.55695
47520000 5.5583
47530000 5.56028
47540000 5.5622
47550000 5.5641
47560000 5.56581
47570000 5.56717
47580000 5.56891
47590000 5.57054
47600000 5.57311
47610000 5.57582
47620000 5.57752
47630000 5.57907
47640000 5.57988
47650000 5.5808
47660000 5.58162
47670000 5.58253
47680000 5.58362
47690000 5.58537
47700000 5.58773
47710000 5.58995
47720000 5.59211
47730000 5.59378
47740000 5.59528
47750000 5.59695
47760000 5.59872
47770000 5.59972
47780000 5.60071
47790000 5.60147
47800000 5.60244
47810000 5.60331
47820000 5.60427
47830000 5.60509
47840000 5.60567
47850000 5.60642
47860000 5.60726
47870000 5.60842
47880000 5.60979
47890000 5.61167
47900000 5.61363
47910000 5.61564
47920000 5.61771
47930000 5.61944
47940000 5.62087
47950000 5.62113
47960000 5.62056
47970000 5.62016
47980000 5.6197
47990000 5.61864
48000000 5.61846
48010000 5.61839
48020000 5.61801
48030000 5.61753
48040000 5.61775
48050000 5.61865
48060000 5.61907
48070000 5.61913
48080000 5.61967
48090000 5.6202
48100000 5.6207
48110000 5.62121
48120000 5.6217
48130000 5.62236
48140000 5.62323
48150000 5.62347
48160000 5.6235
48170000 5.62345
48180000 5.62356
48190000 5.62277
48200000 5.62142
48210000 5.6196
48220000 5.61812
48230000 5.61668
48240000 5.6154
48250000 5.61416
48260000 5.61249
48270000 5.6109
48280000 5.60958
48290000 5.60823
48300000 5.60666
48310000 5.60533
48320000 5.6038
48330000 5.60238
48340000 5.60131
48350000 5.60047
48360000 5.59957
48370000 5.59852
48380000 5.59816
48390000 5.59796
48400000 5.59743
48410000 5.59796
48420000 5.59871
48430000 5.59891
48440000 5.59924
48450000 5.6003
48460000 5.60113
48470000 5.60115
48480000 5.60116
48490000 5.60056
48500000 5.60045
48510000 5.60017
48520000 5.59971
48530000 5.59939
48540000 5.59851
48550000 5.59748
48560000 5.59699
48570000 5.59611
48580000 5.59495
48590000 5.59396
48600000 5.59302
48610000 5.59183
48620000 5.59086
48630000 5.59009
48640000 5.58952
48650000 5.58842
48660000 5.58708
48670000 5.58527
48680000 5.58365
48690000 5.58224
48700000 5.58141
48710000 5.58063
48720000 5.57982
48730000 5.57913
48740000 5.57873
48750000 5.57838
48760000 5.57794
48770000 5.57776
48780000 5.57789
48790000 5.5775
48800000 5.57773
48810000 5.57787
48820000 5.57811
48830000 5.57861
48840000 5.57904
48850000 5.57975
48860000 5.58011
48870000 5.58099
48880000 5.58215
48890000 5.58338
48900000 5.58537
48910000 5.58708
48920000 5.58779
48930000 5.58784
48940000 5.58759
48950000 5.58741
48960000 5.58752
48970000 5.58773
48980000 5.58704
48990000 5.58583
49000000 5.58468
49010000 5.5844
49020000 5.58464
49030000 5.58509
49040000 5.58599
49050000 5.58722
49060000 5.58892
49070000 5.5904
49080000 5.59167
49090000 5.59277
49100000 5.59384
49110000 5.59471
49120000 5.5956
49130000 5.59705
49140000 5.59852
49150000 5.59985
49160000 5.60069
49170000 5.60098
49180000 5.60176
49190000 5.60213
49200000 5.60202
49210000 5.60227
49220000 5.6019
49230000 5.60141
49240000 5.60095
49250000 5.60051
49260000 5.60023
49270000 5.60013
49280000 5.60013
49290000 5.59991
49300000 5.59963
49310000 5.59958
49320000 5.59941
49330000 5.59908
49340000 5.5982
49350000 5.5977
49360000 5.59726
49370000 5.59741
49380000 5.59747
49390000 5.59773
49400000 5.5987
49410000 5.60018
49420000 5.60133
49430000 5.60226
49440000 5.60308
49450000 5.60311
49460000 5.60284
49470000 5.60252
49480000 5.60246
49490000 5.60239
49500000 5.60169
49510000 5.60025
49520000 5.59889
49530000 5.59796
49540000 5.59731
49550000 5.59638
49560000 5.59493
49570000 5.59344
49580000 5.59198
49590000 5.59009
49600000 5.58804
49610000 5.58608
49620000 5.5842
49630000 5.58294
49640000 5.58176
49650000 5.58057
49660000 5.57962
49670000 5.57825
49680000 5.57731
49690000 5.57609
49700000 5.57469
49710000 5.5736
49720000 5.57243
49730000 5.57084
49740000 5.56922
49750000 5.56752
49760000 5.56617
49770000 5.56447
49780000 5.56256
49790000 5.5606
49800000 5.55831
49810000 5.55504
49820000 5.55233
49830000 5.54972
49840000 5.54716
49850000 5.54447
49860000 5.5421
49870000 5.5398
49880000 5.53763
49890000 5.53515
49900000 5.53251
49910000 5.52963
49920000 5.52625
49930000 5.52351
49940000 5.52084
49950000 5.51823
49960000 5.5155
49970000 5.51226
49980000 5.50957
49990000 5.50699
50000000 5.50483
